0 0 0 0 0 0 0 0 0 0 0 0 0 0 0 0 0 0 0 0 0 0 0 0 0 0 0 0 0 0 0
0.01 0 0 0 0 0 0 0 0 0 0 0 0 0 0 0 0 0 0 0 0 0 0 0 0 0 0 0 0 0 0
0.02 0 0 0 0 0 0 0 0 0 0 0 0 0 0 0 0 0 0 0 0 0 0 0 0 0 0 0 0 0 0
0.03 0 0 0 0 0 0 0 0 0 0 0 0 0 0 0 0 0 0 0 0 0 0 0 0 0 0 0 0 0 0
0.04 0 0 0 0 0 0 0 0 0 0 0 0 0 0 0 0 0 0 0 0 0 0 0 0 0 0 0 0 0 0
0.05 0 0 0 0 0 0 0 0 0 0 0 0 0 0 0 0 0 0 0 0 0 0 0 0 0 0 0 0 0 0
0.06 0 0 0 0 0 0 0 0 0 0 0 0 0 0 0 0 0 0 0 0 0 0 0 0 0 0 0 0 0 0
0.07 0 0 0 0 0 0 0 0 0 0 0 0 0 0 0 0 0 0 0 0 0 0 0 0 0 0 0 0 0 0
0.08 0 0 0 0 0 0 0 0 0 0 0 0 0 0 0 0 0 0 0 0 0 0 0 0 0 0 0 0 0 0
0.09 0 0 0 0 0 0 0 0 0 0 0 0 0 0 0 0 0 0 0 0 0 0 0 0 0 0 0 0 0 0
0.1 0 0 0 0 0 0 0 0 0 0 0 0 0 0 0 0 0 0 0 0 0 0 0 0 0 0 0 0 0 0
0.11 0 0 0 0 0 0 0 0 0 0 0 0 0 0 0 0 0 0 0 0 0 0 0 0 0 0 0 0 0 0
0.12 0 0 0 0 0 0 0 0 0 0 0 0 0 0 0 0 0 0 0 0 0 0 0 0 0 0 0 0 0 0
0.13 0 0 0 0 0 0 0 0 0 0 0 0 0 0 0 0 0 0 0 0 0 0 0 0 0 0 0 0 0 0
0.14 0 0 0 0 0 0 0 0 0 0 0 0 0 0 0 0 0 0 0 0 0 0 0 0 0 0 0 0 0 0
0.15 0 0 0 0 0 0 0 0 0 0 0 0 0 0 0 0 0 0 0 0 0 0 0 0 0 0 0 0 0 0
0.16 0 0 0 0 0 0 0 0 0 0 0 0 0 0 0 0 0 0 0 0 0 0 0 0 0 0 0 0 0 0
0.17 0 0 0 0 0 0 0 0 0 0 0 0 0 0 0 0 0 0 0 0 0 0 0 0 0 0 0 0 0 0
0.18 0 0 0 0 0 0 0 0 0 0 0 0 0 0 0 0 0 0 0 0 0 0 0 0 0 0 0 0 0 0
0.19 0 0 0 0 0 0 0 0 0 0 0 0 0 0 0 0 0 0 0 0 0 0 0 0 0 0 0 0 0 0
0.2 0 0 0 0 0 0 0 0 0 0 0 0 0 0 0 0 0 0 0 0 0 0 0 0 0 0 0 0 0 0
0.21 30 30 30 30 30 30 30 30 30 30 0 0 0 0 0 0 0 0 0 0 0 0 0 0 0 0 0 0 0 0
0.22 70 70 70 70 70 70 70 70 70 70 10 10 20 10 10 10 10 0 0 10 10 10 10 20 0 0 10 0 10 0
0.23 110 110 110 110 110 110 110 110 110 110 40 40 50 40 40 40 40 30 20 40 50 40 40 50 30 30 40 30 40 20
0.24 150 150 150 150 160 160 160 150 150 150 70 70 90 80 70 80 70 50 50 70 80 70 80 80 60 60 70 60 70 40
0.25 190 200 190 200 200 200 200 190 190 200 110 110 130 110 100 110 110 90 80 110 120 110 110 120 90 90 110 90 100 70
0.26 230 240 240 240 240 240 240 240 240 240 140 150 170 150 140 150 140 120 110 150 160 150 150 160 120 130 150 120 140 90
0.27 270 280 280 280 290 290 290 280 280 280 180 190 210 190 180 190 180 150 140 180 200 180 190 200 160 160 190 160 180 120
0.28 320 330 320 330 330 330 330 320 320 330 220 220 250 230 220 230 220 190 180 220 240 220 230 240 200 200 230 190 210 150
0.29 360 370 370 370 370 380 370 370 370 370 250 260 290 270 260 260 260 230 210 260 280 260 270 280 230 240 270 230 250 190
0.3 400 410 410 410 420 430 420 410 410 410 290 300 340 310 290 300 300 260 240 300 320 300 310 320 270 280 310 270 290 220
0.31 400 420 410 420 420 440 430 420 420 420 330 340 380 350 330 340 330 300 280 340 370 340 350 360 310 310 350 310 330 250
0.32 390 420 410 420 420 440 430 420 410 410 360 370 400 380 360 370 360 330 310 370 400 370 380 380 340 350 380 340 360 280
0.33 380 420 400 410 420 440 430 410 410 410 360 380 410 390 370 380 370 340 330 380 400 380 390 390 350 360 390 350 360 290
0.34 370 420 400 410 410 430 410 410 400 410 370 390 410 390 380 380 380 350 330 380 410 390 390 400 350 360 400 350 370 300
0.35 360 410 390 390 400 430 410 410 400 390 360 380 410 400 380 390 380 350 340 380 410 390 400 400 360 370 390 360 380 300
0.36 350 400 380 390 400 430 410 390 380 390 370 380 410 400 380 390 380 350 340 380 410 380 390 400 370 370 390 370 380 310
0.37 330 400 370 390 390 420 400 390 380 380 370 380 410 400 380 380 380 360 340 390 410 390 390 400 360 370 390 360 370 310
0.38 310 390 360 370 380 420 400 390 370 370 360 390 410 400 380 380 380 350 340 390 410 390 390 400 360 370 390 370 380 310
0.39 300 380 350 370 380 410 400 370 360 360 370 390 410 400 370 390 380 350 340 390 410 390 390 400 360 360 390 360 380 300
0.4 290 380 340 360 370 390 380 370 350 360 360 380 400 400 380 390 370 350 340 380 410 390 390 390 360 360 390 360 370 300
0.41 290 380 340 360 380 390 380 360 350 350 360 380 400 400 380 390 380 350 340 380 400 390 390 390 350 370 380 350 370 290
0.42 290 380 340 350 370 390 380 360 350 360 350 380 400 400 370 380 380 350 340 380 400 380 390 390 360 360 380 360 370 290
0.43 290 370 340 360 370 390 380 360 340 350 360 370 400 400 370 380 370 340 330 380 400 380 380 390 360 360 380 360 370 290
0.44 280 370 330 360 370 390 390 360 350 350 360 370 400 400 370 380 370 350 340 380 400 380 380 390 360 360 380 360 370 290
0.45 280 370 340 360 370 390 390 360 340 350 360 380 400 400 370 370 370 340 330 380 400 380 380 390 360 360 390 360 370 290
0.46 280 370 330 360 370 390 390 360 350 350 360 380 400 400 370 370 380 350 330 380 400 390 390 390 350 350 390 350 370 290
0.47 290 370 330 350 370 390 380 360 340 350 350 370 400 400 370 380 370 340 340 380 400 390 390 380 360 360 390 360 370 290
0.48 290 370 340 360 370 390 380 350 350 340 360 370 400 400 370 380 370 350 330 370 400 390 390 380 350 360 380 350 370 290
0.49 290 370 330 350 370 380 380 360 340 350 350 370 400 400 370 370 370 340 330 370 400 380 380 380 360 360 380 360 370 290
0.5 290 370 330 360 370 390 390 350 350 340 360 370 400 400 370 370 370 350 340 380 400 380 380 390 360 360 380 360 370 290
0.51 280 370 340 350 360 390 390 360 340 350 360 370 400 400 370 370 370 340 330 370 400 380 380 390 360 350 390 360 370 290
0.52 280 370 330 360 370 390 390 360 340 340 360 370 400 400 370 380 370 340 330 370 400 390 380 390 360 360 390 360 370 290
0.53 280 370 330 350 360 390 380 360 350 350 360 370 400 400 370 370 380 350 340 370 400 390 390 380 350 350 390 350 370 290
0.54 290 370 340 350 360 390 380 360 340 340 350 370 400 400 370 370 370 340 330 380 400 390 390 380 360 360 380 360 370 290
0.55 290 370 330 350 370 390 380 350 350 350 360 370 400 400 380 380 370 350 330 380 400 380 390 380 350 360 380 350 370 290
0.56 290 370 330 350 360 390 380 360 340 340 350 370 400 400 370 370 370 340 340 370 400 380 380 380 360 360 380 360 370 290
0.57 290 370 340 350 360 390 390 350 350 340 360 370 400 400 370 370 370 350 330 370 400 380 380 390 350 360 380 360 370 290
0.58 280 370 330 350 370 380 390 360 340 350 360 370 400 400 370 370 370 340 330 380 400 380 380 390 360 350 390 360 370 290
0.59 280 370 330 350 360 390 380 360 340 340 360 370 400 400 370 380 370 350 340 380 400 390 390 390 360 360 390 360 370 290
0.6 280 370 340 350 360 390 380 360 340 350 360 370 400 400 370 370 370 340 330 370 400 390 390 380 350 350 390 350 370 290
0.61 290 370 330 350 370 390 380 360 340 340 350 370 400 400 370 370 370 350 330 380 400 390 390 380 360 360 380 360 370 290
0.62 290 370 330 350 360 390 380 350 350 350 360 370 400 400 370 370 370 350 340 380 400 380 380 380 350 360 380 350 370 290
0.63 290 370 340 350 370 390 390 360 340 340 350 380 400 400 370 370 370 340 330 370 400 380 380 390 360 360 380 360 380 290
0.64 290 370 330 350 360 390 390 350 350 350 360 370 400 400 370 370 370 350 330 370 400 380 380 390 350 360 390 350 370 290
0.65 280 370 330 350 360 390 390 360 340 340 360 370 400 400 370 370 370 340 340 370 400 390 380 390 360 350 390 360 370 290
0.66 280 370 340 350 370 390 380 360 340 340 360 370 400 400 370 370 370 350 330 380 400 390 390 380 350 360 390 360 370 290
0.67 280 370 330 350 360 380 380 360 340 350 360 370 400 400 370 370 370 340 330 370 400 390 390 380 360 350 380 350 370 290
0.68 290 370 330 350 360 390 380 360 340 340 350 370 400 400 370 370 370 350 340 370 400 380 390 380 360 360 380 360 370 290
0.69 290 380 340 350 370 390 390 350 350 350 360 370 400 400 370 370 370 340 330 370 400 380 380 380 350 360 380 350 370 280
0.7 290 370 330 350 360 390 390 360 340 340 350 370 400 400 370 370 370 340 330 370 400 380 380 390 360 360 380 360 370 280
0.71 280 370 330 360 360 390 390 350 350 350 360 370 400 400 370 370 370 340 340 370 400 380 380 390 350 360 390 350 370 290
0.72 280 370 340 350 360 390 380 360 340 340 360 370 400 400 370 370 370 340 330 370 400 390 390 390 360 350 390 360 370 290
0.73 280 370 330 360 360 390 380 360 350 350 360 370 400 400 370 380 370 350 330 380 400 390 390 380 350 360 390 360 370 290
0.74 280 370 330 350 370 390 380 360 340 340 360 370 400 400 370 370 370 340 340 370 400 390 390 380 360 350 380 360 370 290
0.75 290 370 340 350 360 380 380 360 340 350 350 370 400 400 370 370 370 350 330 370 400 380 380 380 360 360 380 360 370 290
0.76 290 370 330 350 360 380 390 350 350 350 360 370 400 400 370 380 370 340 330 370 400 380 380 390 360 360 380 350 370 290
0.77 290 370 330 350 370 390 390 360 340 340 350 370 400 400 370 370 370 350 340 370 400 380 380 390 360 360 390 360 370 290
0.78 280 370 340 350 360 390 390 350 350 350 360 370 400 400 370 370 370 340 330 370 400 390 380 390 350 360 390 350 370 280
0.79 280 370 330 350 360 390 380 360 340 340 350 370 400 400 370 370 370 340 330 370 400 390 390 380 360 350 390 360 370 290
0.8 280 370 330 350 370 390 380 360 350 350 360 370 400 400 370 370 380 350 340 370 400 390 390 380 350 360 380 360 370 290
0.81 290 370 340 340 360 390 380 360 340 340 360 370 400 400 370 370 370 340 330 370 400 380 390 380 360 350 380 360 370 290
0.82 290 370 330 350 370 390 390 360 340 350 350 370 400 400 380 370 370 350 330 370 400 380 380 380 360 360 380 360 370 290
0.83 290 370 330 340 360 390 390 350 340 340 360 370 400 400 370 370 370 340 340 370 400 380 380 390 360 360 380 350 370 290
0.84 290 370 340 350 360 380 390 360 340 350 350 370 400 400 370 370 370 350 330 370 400 380 380 390 360 360 390 360 370 290
0.85 280 370 330 350 370 390 380 350 350 340 360 370 400 400 370 370 370 340 330 370 400 390 390 390 350 360 390 350 370 290
0.86 280 370 330 350 360 390 380 360 340 340 350 370 400 400 370 370 370 350 340 370 400 390 390 380 360 350 390 360 370 290
0.87 280 370 340 350 360 390 380 360 350 350 360 370 400 400 370 370 370 340 330 370 400 390 390 380 350 360 380 350 370 290
0.88 290 370 330 350 370 390 380 360 340 340 360 370 400 400 370 370 370 340 330 370 400 380 380 380 360 350 380 360 370 290
0.89 290 370 330 350 360 390 390 360 350 350 360 370 400 400 370 370 370 350 340 370 400 380 380 390 350 360 380 360 370 290
0.9 290 370 340 350 360 390 390 350 340 340 360 380 400 400 370 370 370 340 330 380 400 380 380 390 360 360 390 350 370 290
0.91 290 370 330 350 370 390 380 360 340 350 350 370 400 400 370 370 370 350 330 370 400 390 380 390 360 360 390 360 370 290
0.92 280 370 330 350 360 380 380 350 350 340 360 370 400 400 370 370 370 340 340 370 400 390 390 380 350 360 390 350 370 290
0.93 280 370 340 350 370 380 380 360 340 350 350 370 400 400 370 370 370 350 330 370 400 390 390 380 360 350 380 360 370 290
0.94 280 370 330 350 370 390 380 360 350 340 360 370 400 400 370 370 370 340 330 370 400 380 390 380 350 360 380 350 370 290
0.95 290 370 330 350 360 390 390 360 340 340 360 370 400 400 370 370 370 350 340 370 400 380 380 380 360 350 380 360 370 290
0.96 290 380 340 350 370 390 390 360 350 350 360 370 400 400 370 370 370 340 330 370 400 380 380 390 350 360 380 360 370 290
0.97 290 370 330 350 360 390 380 350 340 340 360 370 400 400 370 370 370 340 330 370 400 380 380 390 360 360 390 360 370 290
0.98 290 370 330 350 360 390 380 360 340 350 350 370 400 400 370 370 370 350 340 370 400 390 390 390 360 360 390 360 370 290
0.99 280 370 340 350 370 380 380 350 340 340 360 370 400 400 370 370 370 340 330 370 400 390 390 380 360 360 390 350 370 290
