1 1604834117
(null) 1607317545
1 1607317640
1 1607317727
1 1607317829
1 1607317956
1 1607318020
2 1607318027
3 1607318030
4 1607318033
5 1607318036
6 1607318039
7 1607318042
8 1607318045
9 1607318048
10 1607318051
1 1607319292
2 1607319295
3 1607319297
1 1607319383
2 1607319386
3 1607319389
4 1607319392
5 1607319395
6 1607319398
7 1607319401
8 1607319404
9 1607319407
10 1607319410
1 1607319541
2 1607319544
3 1607319547
4 1607319550
5 1607319553
6 1607319556
7 1607319559
8 1607319562
9 1607319565
10 1607319568
1 1607319846
2 1607319849
3 1607319852
4 1607319855
5 1607319858
6 1607319861
7 1607319864
8 1607319867
9 1607319870
10 1607319873
1 1607319957
2 1607319960
3 1607319963
4 1607319966
5 1607319969
6 1607319972
7 1607319975
8 1607319978
9 1607319981
10 1607319984
1 1607320035
2 1607320038
3 1607320041
4 1607320044
5 1607320047
6 1607320050
7 1607320053
8 1607320056
9 1607320059
10 1607320062
1 1607320102
2 1607320105
3 1607320108
4 1607320111
5 1607320114
6 1607320117
7 1607320120
8 1607320123
9 1607320126
10 1607320129
1 1607320216
2 1607320218
3 1607320221
4 1607320223
5 1607320225
6 1607320228
7 1607320230
8 1607320233
9 1607320235
10 1607320237
1 1607320288
2 1607320290
3 1607320293
4 1607320295
5 1607320297
6 1607320300
7 1607320302
8 1607320304
9 1607320307
10 1607320309
1 1607320352
2 1607320354
3 1607320356
4 1607320359
5 1607320361
6 1607320363
7 1607320366
8 1607320368
9 1607320371
10 1607320373
1 1607320455
2 1607320458
3 1607320460
4 1607320462
5 1607320465
6 1607320467
7 1607320470
8 1607320472
9 1607320475
10 1607320477
1 1607320517
2 1607320519
3 1607320522
4 1607320524
5 1607320527
6 1607320529
7 1607320531
8 1607320534
9 1607320536
10 1607320539
1 1607320818
2 1607320820
3 1607320823
4 1607320825
5 1607320828
6 1607320830
7 1607320833
8 1607320835
9 1607320837
10 1607320840
11 1607320842
12 1607320845
13 1607320847
14 1607320849
15 1607320852
16 1607320854
17 1607320857
18 1607320859
19 1607320862
20 1607320864
21 1607320866
22 1607320869
23 1607320871
24 1607320874
25 1607320876
26 1607320879
27 1607320881
28 1607320883
29 1607320886
30 1607320888
31 1607320890
32 1607320893
33 1607320895
34 1607320898
35 1607320900
36 1607320903
37 1607320905
38 1607320908
39 1607320910
40 1607320913
41 1607320915
42 1607320918
43 1607320920
44 1607320923
45 1607320925
46 1607320928
47 1607320930
48 1607320933
49 1607320935
50 1607320937
51 1607320940
52 1607320942
53 1607320945
54 1607320947
55 1607320949
56 1607320952
57 1607320954
58 1607320957
59 1607320959
60 1607320962
61 1607320964
62 1607320966
63 1607320969
64 1607320971
65 1607320973
66 1607320976
67 1607320978
68 1607320981
69 1607320983
70 1607320985
71 1607320988
72 1607320990
73 1607320993
74 1607320995
75 1607320998
76 1607321000
77 1607321002
78 1607321005
79 1607321007
80 1607321010
81 1607321012
82 1607321014
83 1607321017
84 1607321019
85 1607321022
86 1607321024
87 1607321026
88 1607321029
89 1607321031
90 1607321034
91 1607321036
92 1607321039
93 1607321041
94 1607321043
95 1607321046
96 1607321048
97 1607321051
98 1607321053
99 1607321055
100 1607321058
1 1607392311
2 1607392318
3 1607392320
4 1607392322
5 1607392325
6 1607392327
7 1607392330
8 1607392332
9 1607392335
10 1607392337
11 1607392340
12 1607392342
13 1607392345
14 1607392347
15 1607392349
16 1607392352
17 1607392354
18 1607392357
19 1607392359
20 1607392362
21 1607392364
22 1607392367
23 1607392369
24 1607392372
25 1607392374
26 1607392377
27 1607392379
28 1607392381
29 1607392384
30 1607392387
31 1607392389
32 1607392391
33 1607392394
34 1607392396
35 1607392399
36 1607392401
37 1607392403
38 1607392406
39 1607392409
40 1607392411
41 1607392414
42 1607392416
43 1607392418
44 1607392421
45 1607392423
46 1607392426
47 1607392428
48 1607392431
49 1607392433
50 1607392436
51 1607392438
52 1607392441
53 1607392443
54 1607392445
55 1607392448
56 1607392450
57 1607392453
58 1607392455
59 1607392457
60 1607392460
61 1607392462
62 1607392465
63 1607392467
64 1607392469
65 1607392472
66 1607392474
67 1607392476
68 1607392479
69 1607392481
70 1607392484
71 1607392486
72 1607392489
73 1607392491
74 1607392493
75 1607392496
76 1607392498
77 1607392501
78 1607392503
79 1607392505
80 1607392508
81 1607392510
82 1607392513
83 1607392515
84 1607392517
85 1607392520
86 1607392522
87 1607392524
88 1607392527
89 1607392529
90 1607392532
91 1607392534
92 1607392536
93 1607392539
94 1607392541
95 1607392544
96 1607392546
97 1607392548
98 1607392551
99 1607392553
100 1607392556
