0.2026 0
0.2026 1
0.2026 2
0.2026 3
0.2026 4
0.2026 5
0.2026 6
0.2026 7
0.2026 8
0.2026 9
0.2052 1
0.2052 2
0.2052 5
0.2052 6
0.2052 8
0.2052 9
0.2053 0
0.2053 3
0.2053 4
0.2053 7
0.2077 1
0.2077 5
0.2077 6
0.2077 9
0.2078 2
0.2078 8
0.208 0
0.208 3
0.208 4
0.208 7
0.2102 1
0.2102 5
0.2102 6
0.2102 9
0.2104 2
0.2104 8
0.2107 0
0.2107 3
0.2107 4
0.2107 7
0.2126 1
0.2126 5
0.2126 6
0.2126 9
0.2129 2
0.2129 8
0.2132 15
0.2134 0
0.2134 3
0.2134 4
0.2134 7
0.215 1
0.215 5
0.215 6
0.215 9
0.2154 2
0.2154 8
0.2161 0
0.2161 3
0.2161 4
0.2161 7
0.2167 15
0.2174 1
0.2174 5
0.2174 6
0.2174 9
0.2179 2
0.2179 8
0.2188 0
0.2188 3
0.2188 4
0.2188 7
0.2198 1
0.2198 5
0.2198 6
0.2198 9
0.2199 10
0.2199 12
0.2199 14
0.22 15
0.2202 11
0.2202 17
0.2204 2
0.2204 8
0.2204 13
0.2207 18
0.2211 16
0.2214 0
0.2214 3
0.2214 4
0.2215 7
0.2222 1
0.2222 5
0.2222 6
0.2222 9
0.2229 2
0.2229 8
0.2231 15
0.224 0
0.224 3
0.224 4
0.2242 7
0.2245 1
0.2245 5
0.2245 6
0.2245 9
0.2245 11
0.2245 17
0.2248 10
0.2248 12
0.2248 14
0.2251 18
0.2253 2
0.2253 8
0.2254 13
0.2261 15
0.2263 16
0.2265 3
0.2265 4
0.2266 0
0.2268 1
0.2268 6
0.2268 9
0.2269 5
0.2269 7
0.2277 2
0.2277 8
0.2283 11
0.2283 17
0.229 3
0.229 4
0.229 18
0.2291 1
0.2291 6
0.2291 9
0.2291 15
0.2292 0
0.2292 5
0.2292 10
0.2292 12
0.2292 14
0.2296 7
0.2298 13
0.2301 2
0.2301 8
0.2309 16
0.2314 1
0.2314 6
0.2314 9
0.2315 3
0.2315 4
0.2315 5
0.2317 11
0.2317 17
0.2318 0
0.232 15
0.2323 7
0.2325 2
0.2325 8
0.2325 18
0.2333 10
0.2333 12
0.2333 14
0.2337 1
0.2337 6
0.2337 9
0.2338 5
0.2339 13
0.234 3
0.234 4
0.2343 0
0.2344 19
0.2348 15
0.2349 2
0.2349 8
0.235 7
0.235 11
0.235 17
0.2352 16
0.2358 18
0.236 1
0.236 6
0.236 9
0.2361 5
0.2364 3
0.2365 4
0.2369 0
0.2372 10
0.2372 12
0.2372 14
0.2373 2
0.2373 8
0.2376 15
0.2377 7
0.2379 13
0.2381 11
0.2381 17
0.2383 1
0.2383 6
0.2383 9
0.2384 5
0.2386 19
0.2388 3
0.2389 4
0.239 18
0.2393 16
0.2394 0
0.2397 2
0.2397 8
0.2403 15
0.2404 7
0.2406 1
0.2406 6
0.2406 9
0.2407 5
0.241 10
0.241 12
0.241 14
0.2412 3
0.2412 11
0.2412 17
0.2413 4
0.2417 13
0.2419 0
0.242 18
0.2421 2
0.2421 8
0.2423 19
0.2429 1
0.2429 6
0.2429 9
0.243 5
0.243 15
0.2431 7
0.2432 16
0.2436 3
0.2437 4
0.2443 11
0.2443 17
0.2444 0
0.2445 2
0.2445 8
0.2447 10
0.2447 12
0.2447 14
0.245 18
0.2452 1
0.2452 6
0.2452 9
0.2453 5
0.2455 13
0.2457 15
0.2457 19
0.2458 7
0.246 3
0.2461 4
0.2469 0
0.2469 2
0.2469 8
0.247 16
0.2473 11
0.2473 17
0.2475 1
0.2475 6
0.2475 9
0.2476 5
0.248 18
0.2483 10
0.2483 12
0.2483 14
0.2484 3
0.2484 15
0.2485 4
0.2485 7
0.249 19
0.2493 2
0.2493 8
0.2493 13
0.2494 0
0.2498 1
0.2498 6
0.2498 9
0.2499 5
0.2502 11
0.2502 17
0.2508 3
0.2508 16
0.2509 4
0.251 18
0.2511 15
0.2512 7
0.2517 2
0.2517 8
0.2519 0
0.2519 10
0.2519 12
0.2519 14
0.2521 1
0.2521 6
0.2521 9
0.2522 5
0.2523 19
0.2529 13
0.2531 11
0.2531 17
0.2532 3
0.2533 4
0.2538 15
0.2539 7
0.2539 18
0.2541 2
0.2541 8
0.2544 0
0.2544 1
0.2544 6
0.2544 9
0.2545 5
0.2545 16
0.2554 10
0.2554 12
0.2554 14
0.2555 19
0.2556 3
0.2557 4
0.256 11
0.256 17
0.2565 2
0.2565 8
0.2565 15
0.2566 7
0.2566 13
0.2567 1
0.2567 6
0.2567 9
0.2567 18
0.2568 5
0.2569 0
0.258 3
0.2581 4
0.2582 16
0.2587 19
0.2589 2
0.2589 8
0.2589 10
0.2589 11
0.2589 12
0.2589 14
0.2589 17
0.259 1
0.259 6
0.259 9
0.2591 5
0.2592 15
0.2593 7
0.2594 0
0.2595 18
0.2602 13
0.2604 3
0.2605 4
0.2613 1
0.2613 2
0.2613 6
0.2613 8
0.2613 9
0.2614 5
0.2617 11
0.2617 17
0.2618 15
0.2618 16
0.2618 19
0.2619 0
0.262 7
0.2624 10
0.2624 12
0.2624 14
0.2624 18
0.2627 3
0.2629 4
0.2636 1
0.2636 6
0.2636 9
0.2637 2
0.2637 5
0.2637 8
0.2638 13
0.2644 0
0.2644 15
0.2645 11
0.2645 17
0.2647 7
0.2648 19
0.265 3
0.2653 4
0.2653 18
0.2654 16
0.2659 1
0.2659 6
0.2659 9
0.2659 10
0.2659 12
0.2659 14
0.266 5
0.2661 2
0.2661 8
0.2669 0
0.267 15
0.2673 11
0.2673 13
0.2673 17
0.2674 3
0.2674 7
0.2677 4
0.2678 19
0.2681 18
0.2682 1
0.2682 6
0.2682 9
0.2683 5
0.2685 2
0.2685 8
0.2689 16
0.2693 10
0.2693 12
0.2693 14
0.2694 0
0.2696 15
0.2697 3
0.2701 4
0.2701 7
0.2701 11
0.2701 17
0.2705 1
0.2705 6
0.2705 9
0.2706 5
0.2707 19
0.2709 2
0.2709 8
0.2709 13
0.2709 18
0.2719 0
0.272 3
0.2722 15
0.2724 16
0.2725 4
0.2728 1
0.2728 6
0.2728 7
0.2728 9
0.2728 10
0.2728 12
0.2728 14
0.2729 5
0.2729 11
0.2729 17
0.2733 2
0.2733 8
0.2736 18
0.2736 19
0.2743 3
0.2744 0
0.2744 13
0.2748 4
0.2748 15
0.2751 1
0.2751 6
0.2751 9
0.2752 5
0.2755 7
0.2757 2
0.2757 8
0.2757 11
0.2757 17
0.2758 16
0.2762 10
0.2762 12
0.2762 14
0.2764 18
0.2765 19
0.2766 3
0.2769 0
0.2771 4
0.2774 1
0.2774 6
0.2774 9
0.2774 15
0.2775 5
0.2779 13
0.2781 2
0.2781 8
0.2782 7
0.2785 11
0.2785 17
0.2789 3
0.2792 18
0.2793 16
0.2794 0
0.2794 19
0.2795 4
0.2796 10
0.2796 12
0.2797 1
0.2797 6
0.2797 9
0.2797 14
0.2798 5
0.28 15
0.2805 2
0.2805 8
0.2809 7
0.2812 3
0.2812 11
0.2812 17
0.2814 13
0.2818 4
0.2819 0
0.282 1
0.282 6
0.282 9
0.282 18
0.2821 5
0.2823 19
0.2826 15
0.2827 16
0.2829 2
0.2829 8
0.283 10
0.283 12
0.2831 14
0.2835 3
0.2836 7
0.2839 11
0.2839 17
0.2841 4
0.2843 1
0.2843 6
0.2843 9
0.2844 0
0.2844 5
0.2847 18
0.2849 13
0.2851 19
0.2852 15
0.2853 2
0.2853 8
0.2858 3
0.2862 16
0.2863 7
0.2864 4
0.2864 10
0.2864 12
0.2865 14
0.2866 1
0.2866 6
0.2866 9
0.2866 17
0.2867 5
0.2867 11
0.2869 0
0.2874 18
0.2877 2
0.2877 8
0.2878 15
0.2879 19
0.2881 3
0.2884 13
0.2887 4
0.2889 1
0.2889 6
0.2889 9
0.289 5
0.289 7
0.2894 0
0.2894 17
0.2895 11
0.2896 16
0.2898 10
0.2898 12
0.2899 14
0.2901 2
0.2901 8
0.2901 18
0.2904 3
0.2904 15
0.2907 19
0.291 4
0.2912 1
0.2912 6
0.2912 9
0.2913 5
0.2917 7
0.2919 0
0.2919 13
0.2921 17
0.2923 11
0.2925 2
0.2925 8
0.2927 3
0.2928 18
0.293 15
0.293 16
0.2932 10
0.2932 12
0.2933 4
0.2933 14
0.2935 1
0.2935 6
0.2935 9
0.2935 19
0.2936 5
0.2944 0
0.2944 7
0.2948 17
0.2949 2
0.2949 8
0.295 3
0.295 11
0.2954 13
0.2955 18
0.2956 4
0.2956 15
0.2958 1
0.2958 6
0.2958 9
0.2959 5
0.2963 19
0.2964 16
0.2966 10
0.2966 12
0.2967 14
0.2969 0
0.2971 7
0.2973 2
0.2973 3
0.2973 8
0.2975 17
0.2977 11
0.2979 4
0.2981 1
0.2981 6
0.2981 9
0.2982 5
0.2982 15
0.2982 18
0.2988 13
0.2991 19
0.2994 0
0.2996 3
0.2997 2
0.2997 8
0.2998 7
0.2998 16
0.3 10
0.3 12
0.3001 14
0.3002 17
0.3004 11
0.3007 1
0.3007 4
0.3007 6
0.3007 9
0.3008 5
0.3008 15
0.3009 18
0.3019 19
0.3023 13
0.3025 3
0.303 17
0.3031 8
0.3032 2
0.3032 11
0.3033 1
0.3033 9
0.3033 16
0.3034 6
0.3035 5
0.3035 10
0.3035 12
0.3035 15
0.3036 14
0.3037 4
0.3037 18
0.3041 0
0.3047 19
0.3054 3
0.3058 17
0.3059 1
0.3059 9
0.306 11
0.306 13
0.3061 6
0.3062 15
0.3063 5
0.3065 18
0.3066 8
0.3067 2
0.3067 4
0.3068 16
0.3069 12
0.307 10
0.3071 14
0.3075 19
0.3082 3
0.3085 1
0.3085 9
0.3086 17
0.3087 0
0.3088 11
0.3089 6
0.3089 15
0.3092 5
0.3093 18
0.3097 4
0.3098 13
0.3101 2
0.3101 8
0.3103 16
0.3103 19
0.3104 12
0.3105 10
0.3106 14
0.311 3
0.3111 1
0.3111 9
0.3114 17
0.3116 11
0.3116 15
0.3118 6
0.3121 18
0.3122 5
0.3127 4
0.3131 19
0.3133 0
0.3136 2
0.3136 8
0.3137 1
0.3137 13
0.3138 9
0.3139 3
0.314 12
0.314 16
0.3141 10
0.3142 14
0.3142 17
0.3143 15
0.3144 11
0.3147 6
0.3149 18
0.3153 5
0.3156 4
0.3159 19
0.3163 1
0.3165 9
0.3168 3
0.3171 2
0.3171 15
0.3171 17
0.3172 8
0.3173 11
0.3175 12
0.3176 16
0.3177 6
0.3177 13
0.3177 18
0.3178 10
0.3179 14
0.3181 0
0.3186 4
0.3186 5
0.3187 19
0.3189 1
0.3192 9
0.3196 3
0.3199 15
0.32 17
0.3202 11
0.3205 18
0.3206 2
0.3208 6
0.3209 8
0.321 12
0.3212 16
0.3215 1
0.3215 19
0.3216 10
0.3216 14
0.3217 4
0.3217 13
0.3219 9
0.3221 5
0.3224 3
0.3227 15
0.3228 17
0.3229 0
0.3231 11
0.3233 18
0.324 6
0.3241 1
0.3242 2
0.3243 19
0.3246 9
0.3247 8
0.3247 12
0.3248 4
0.3249 16
0.3253 3
0.3253 14
0.3256 10
0.3256 15
0.3257 5
0.3257 17
0.3258 13
0.326 11
0.3261 18
0.3267 1
0.3271 19
0.3273 6
0.3273 9
0.3277 0
0.3277 2
0.3278 4
0.3282 3
0.3283 12
0.3285 8
0.3285 15
0.3287 16
0.3287 17
0.3289 18
0.329 11
0.3291 14
0.3293 1
0.3295 5
0.3297 10
0.3299 13
0.3299 19
0.33 9
0.3307 6
0.3308 4
0.331 3
0.3313 2
0.3314 15
0.3317 17
0.3317 18
0.3319 1
0.3319 12
0.332 11
0.3324 8
0.3324 16
0.3326 0
0.3327 9
0.3327 19
0.333 14
0.3336 5
0.3339 3
0.3339 4
0.334 10
0.3342 6
0.3342 13
0.3343 15
0.3345 1
0.3345 18
0.3347 17
0.3349 2
0.3349 11
0.3354 9
0.3356 12
0.3356 19
0.3362 16
0.3363 8
0.3368 3
0.337 4
0.3371 14
0.3372 1
0.3373 18
0.3374 15
0.3377 6
0.3377 17
0.3378 0
0.3378 11
0.3381 5
0.3381 9
0.3384 19
0.3385 2
0.3385 10
0.3387 13
0.3392 12
0.3397 3
0.3399 1
0.3401 4
0.3401 16
0.3401 18
0.3404 8
0.3404 15
0.3407 17
0.3408 9
0.3408 11
0.3412 6
0.3412 19
0.3413 14
0.3421 2
0.3426 1
0.3426 3
0.3428 12
0.343 5
0.343 18
0.3432 13
0.3433 4
0.3434 10
0.3435 0
0.3435 9
0.3436 15
0.3438 11
0.3438 17
0.3439 16
0.344 19
0.3447 8
0.3448 6
0.3453 1
0.3455 3
0.3456 14
0.3458 2
0.3459 18
0.3462 9
0.3464 4
0.3465 12
0.3468 11
0.3468 15
0.3469 17
0.3469 19
0.3477 13
0.3477 16
0.348 1
0.3483 5
0.3484 3
0.3485 6
0.3487 10
0.3488 18
0.349 9
0.3491 8
0.3494 2
0.3495 0
0.3496 4
0.3498 19
0.3499 11
0.3499 14
0.35 15
0.35 17
0.3502 12
0.3507 1
0.3513 3
0.3516 16
0.3517 9
0.3517 18
0.3522 13
0.3523 6
0.3527 19
0.3528 4
0.3531 2
0.3531 11
0.3533 17
0.3534 1
0.3534 15
0.3535 8
0.3539 12
0.3541 5
0.3542 3
0.3543 14
0.3544 9
0.3546 10
0.3546 18
0.3555 16
0.3556 19
0.356 4
0.3561 0
0.3561 1
0.3562 6
0.3562 11
0.3565 17
0.3568 2
0.3568 15
0.357 13
0.3572 3
0.3572 9
0.3575 18
0.3576 12
0.358 8
0.3585 19
0.3588 1
0.3588 14
0.3592 4
0.3593 11
0.3594 16
0.3598 17
0.36 9
0.3601 6
0.3602 3
0.3604 2
0.3604 18
0.3605 5
0.3605 15
0.3613 10
0.3613 12
0.3614 19
0.3615 1
0.3617 13
0.3625 4
0.3625 8
0.3626 11
0.3628 9
0.3631 3
0.3631 17
0.3633 18
0.3634 16
0.3635 14
0.3637 0
0.364 6
0.3641 2
0.3642 1
0.3642 15
0.3643 19
0.365 12
0.3656 9
0.3658 4
0.3658 11
0.3662 3
0.3662 18
0.3664 13
0.3666 17
0.3669 1
0.3672 8
0.3672 19
0.3673 16
0.3678 2
0.3679 6
0.3682 15
0.3684 9
0.3684 14
0.3688 5
0.3688 12
0.369 11
0.3691 4
0.3692 3
0.3692 18
0.3696 1
0.3699 10
0.37 19
0.3702 17
0.3712 9
0.3712 13
0.3712 16
0.3715 2
0.372 6
0.3722 3
0.3722 8
0.3722 18
0.3723 1
0.3724 4
0.3724 11
0.3724 15
0.3725 12
0.3729 19
0.3733 14
0.3737 17
0.374 9
0.3749 0
0.375 1
0.3751 18
0.3753 2
0.3753 3
0.3753 16
0.3757 11
0.3758 4
0.3759 19
0.3761 13
0.3762 6
0.3763 12
0.3768 9
0.3769 15
0.3772 8
0.3776 17
0.3777 1
0.378 18
0.3783 3
0.3783 14
0.3789 19
0.379 2
0.379 11
0.3792 4
0.3793 16
0.3796 9
0.3801 12
0.3804 1
0.3804 6
0.3809 13
0.3809 18
0.3814 3
0.3817 17
0.3818 19
0.3823 8
0.3824 9
0.3825 11
0.3825 15
0.3826 4
0.3827 2
0.3831 1
0.3833 16
0.3834 14
0.3838 18
0.3839 12
0.3845 3
0.3845 6
0.3847 19
0.3852 9
0.3857 13
0.3858 1
0.3859 11
0.386 4
0.386 17
0.3864 2
0.3867 18
0.3874 8
0.3874 16
0.3875 3
0.3877 12
0.3877 19
0.388 9
0.3885 1
0.3887 6
0.3888 14
0.3893 11
0.3895 4
0.3897 18
0.3901 2
0.3905 17
0.3906 3
0.3906 13
0.3906 19
0.3908 9
0.3912 1
0.3915 12
0.3915 16
0.3926 18
0.3928 8
0.3929 11
0.393 4
0.3931 6
0.3935 19
0.3937 3
0.3937 9
0.3939 2
0.394 1
0.3942 14
0.3953 12
0.3953 17
0.3955 13
0.3955 16
0.3956 18
0.3964 4
0.3964 11
0.3965 9
0.3965 19
0.3968 1
0.3968 3
0.3974 6
0.3977 2
0.3983 8
0.3986 18
0.3992 12
0.3993 9
0.3995 19
0.3996 1
0.3996 14
0.3996 16
0.3999 11
0.4 3
0.4 4
0.4004 13
0.4006 17
0.4014 2
0.4015 18
0.4018 6
0.4021 9
0.4024 1
0.4025 19
0.403 12
0.4031 3
0.4035 4
0.4036 11
0.4037 16
0.4038 8
0.4044 18
0.405 9
0.4051 14
0.4052 1
0.4052 2
0.4054 13
0.4055 19
0.4062 3
0.4062 6
0.4063 17
0.4068 12
0.4069 4
0.4071 11
0.4074 18
0.4078 16
0.4079 9
0.408 1
0.4084 19
0.409 2
0.4094 3
0.4094 8
0.4104 13
0.4105 18
0.4107 4
0.4107 9
0.4107 12
0.4108 1
0.4108 6
0.4108 11
0.411 14
0.4114 19
0.4119 16
0.4125 3
0.4125 17
0.4127 2
0.4135 9
0.4135 18
0.4136 1
0.4143 4
0.4145 12
0.4145 19
0.4146 11
0.4153 6
0.4153 13
0.4154 8
0.4157 3
0.4161 16
0.4164 1
0.4164 9
0.4165 18
0.4166 2
0.4168 14
0.4175 19
0.4178 4
0.4182 11
0.4183 12
0.4189 3
0.4192 1
0.4193 9
0.4194 17
0.4194 18
0.4198 6
0.4203 16
0.4204 2
0.4204 13
0.4205 19
0.4214 8
0.4215 4
0.422 1
0.4221 3
0.4221 9
0.4221 11
0.4222 12
0.4224 18
0.4227 14
0.4235 19
0.4242 2
0.4243 6
0.4244 16
0.4248 1
0.4249 9
0.4252 4
0.4254 3
0.4254 13
0.4255 18
0.4259 11
0.426 12
0.4265 19
0.4274 8
0.4274 17
0.4276 1
0.4278 9
0.428 2
0.4285 18
0.4286 3
0.4287 16
0.4288 14
0.429 4
0.4291 6
0.4296 19
0.4297 11
0.4298 12
0.4304 1
0.4304 13
0.4307 9
0.4315 18
0.4317 3
0.4318 2
0.4326 4
0.4327 19
0.4329 16
0.4332 1
0.4335 9
0.4337 8
0.4337 12
0.4338 6
0.4338 11
0.4345 18
0.4349 3
0.435 14
0.4355 13
0.4356 2
0.4357 19
0.436 1
0.436 17
0.4363 4
0.4363 9
0.4371 16
0.4375 12
0.4375 18
0.4377 11
0.4381 3
0.4384 6
0.4387 19
0.4388 1
0.4392 9
0.4394 2
0.44 8
0.4402 4
0.4406 13
0.4406 18
0.4412 14
0.4413 12
0.4414 3
0.4414 16
0.4416 1
0.4417 11
0.4418 19
0.4421 9
0.4431 6
0.4432 2
0.4437 18
0.4439 4
0.4444 1
0.4447 3
0.4449 9
0.4449 19
0.4452 12
0.4456 13
0.4457 16
0.4459 11
0.4464 8
0.4465 17
0.4467 18
0.4471 2
0.4472 1
0.4475 14
0.4477 4
0.4477 9
0.4479 3
0.448 6
0.448 19
0.449 12
0.4497 18
0.4498 11
0.4499 16
0.45 1
0.4506 9
0.4507 13
0.4509 2
0.451 19
0.4511 3
0.4515 4
0.4527 18
0.4528 1
0.4528 6
0.4529 12
0.4531 8
0.4534 9
0.454 14
0.4541 11
0.4541 19
0.4542 16
0.4545 3
0.4547 2
0.4553 4
0.4556 1
0.4558 13
0.4558 18
0.4562 9
0.4568 12
0.4572 19
0.4576 6
0.4576 17
0.4578 3
0.4583 11
0.4584 1
0.4585 16
0.4586 2
0.4589 18
0.459 9
0.4592 4
0.4597 8
0.4603 19
0.4606 12
0.4606 14
0.4609 13
0.4612 1
0.4612 3
0.4619 9
0.4619 18
0.4623 11
0.4624 2
0.4625 6
0.4628 4
0.4628 16
0.4634 19
0.464 1
0.4645 3
0.4645 12
0.4647 9
0.465 18
0.4661 13
0.4662 2
0.4665 8
0.4665 19
0.4668 1
0.4668 4
0.4669 11
0.4671 16
0.4673 14
0.4675 6
0.4675 9
0.4678 3
0.4681 18
0.4684 12
0.4693 17
0.4696 1
0.4696 19
0.4701 2
0.4703 9
0.4707 4
0.4712 11
0.4712 13
0.4712 18
0.4713 3
0.4716 16
0.4722 12
0.4724 1
0.4724 6
0.4727 19
0.4731 9
0.4734 8
0.4739 2
0.4741 14
0.4743 18
0.4746 4
0.4747 3
0.4752 1
0.4754 11
0.4759 9
0.4759 19
0.476 16
0.4761 12
0.4763 13
0.4773 6
0.4773 18
0.4778 2
0.478 1
0.478 3
0.4784 4
0.4787 9
0.4791 19
0.4799 12
0.4801 11
0.4803 16
0.4804 8
0.4804 18
0.4808 1
0.4809 14
0.4814 3
0.4815 13
0.4816 2
0.4816 9
0.4822 19
0.4823 4
0.4824 6
0.4833 17
0.4835 18
0.4836 1
0.4837 12
0.4844 9
0.4844 11
0.4848 3
0.4848 16
0.4853 19
0.4854 2
0.4864 1
0.4864 4
0.4866 13
0.4866 18
0.4872 9
0.4875 6
0.4876 12
0.4877 8
0.488 14
0.4882 3
0.4885 19
0.4889 11
0.4892 1
0.4893 2
0.4893 16
0.4897 18
0.49 9
0.4902 4
0.4914 12
0.4917 3
0.4917 13
0.4917 19
0.492 1
0.4925 6
0.4927 18
0.4929 9
0.4931 2
0.4936 11
0.4937 16
0.4942 4
0.4948 1
0.4948 19
0.495 8
0.495 14
0.4951 3
0.4953 12
0.4957 9
0.4958 18
0.4969 2
0.4969 13
0.4976 1
0.4976 6
0.4978 11
0.498 19
0.4981 4
0.4982 16
0.4985 3
0.4985 9
0.4989 18
0.4992 12
0.5004 1
0.5008 2
0.5012 19
0.5013 9
0.502 13
0.502 18
0.5021 3
0.5023 14
0.5024 4
0.5026 8
0.5028 11
0.5028 16
0.5029 6
0.503 12
0.5032 1
0.5036 17
0.5041 9
0.5043 19
0.5046 2
0.5051 18
0.5056 3
0.506 1
0.5064 4
0.5069 9
0.5069 12
0.5071 13
0.5073 16
0.5075 11
0.5076 19
0.5081 6
0.5081 18
0.5084 2
0.5088 1
0.5089 3
0.5097 9
0.5097 14
0.5102 8
0.5104 4
0.5107 12
0.5109 19
0.5112 18
0.5116 1
0.5118 16
0.5119 11
0.5123 2
0.5123 13
0.5125 3
0.5125 9
0.5132 6
0.5141 19
0.5143 4
0.5144 1
0.5144 18
0.5145 12
0.5153 9
0.516 3
0.5161 2
0.5164 16
0.5172 1
0.5172 11
0.5172 14
0.5174 13
0.5174 19
0.5175 18
0.5181 9
0.5182 8
0.5183 4
0.5184 12
0.5185 6
0.5194 3
0.52 1
0.52 2
0.5206 18
0.5206 19
0.5209 9
0.5209 16
0.5219 11
0.5222 12
0.5225 4
0.5225 13
0.5228 1
0.5229 3
0.5236 18
0.5237 19
0.5238 2
0.5238 6
0.5238 9
0.5248 14
0.5254 16
0.5256 1
0.526 8
0.526 12
0.5265 3
0.5265 4
0.5266 9
0.5267 18
0.5268 11
0.527 19
0.5276 2
0.5277 13
0.5284 1
0.529 6
0.5294 9
0.5299 12
0.5299 18
0.53 3
0.5301 16
0.5303 19
0.5306 4
0.5312 1
0.5315 2
0.5321 11
0.5322 9
0.5324 14
0.5328 13
0.533 18
0.5335 3
0.5335 19
0.5337 12
0.534 1
0.5343 6
0.5343 8
0.5344 4
0.5347 16
0.535 9
0.5353 2
0.5361 18
0.5368 1
0.5368 11
0.5368 19
0.5371 3
0.5376 12
0.5378 9
0.5379 13
0.5386 4
0.5391 2
0.5392 18
0.5393 16
0.5396 1
0.5396 6
0.54 19
0.5401 14
0.5406 3
0.5406 9
0.5414 12
0.5421 11
0.5423 8
0.5423 18
0.5424 1
0.5427 4
0.543 2
0.5431 13
0.5432 19
0.5434 9
0.544 16
0.5441 3
0.5449 6
0.5452 1
0.5452 12
0.5454 18
0.5462 9
0.5464 19
0.5468 2
0.547 4
0.5474 11
0.5478 3
0.5479 14
0.548 1
0.5482 13
0.5485 18
0.5487 16
0.549 9
0.5491 12
0.5496 19
0.5502 6
0.5506 8
0.5507 2
0.5508 1
0.5509 4
0.5514 3
0.5516 18
0.5518 9
0.5524 11
0.5529 12
0.5529 19
0.5533 13
0.5534 16
0.5536 1
0.5545 2
0.5546 9
0.5547 18
0.5548 3
0.5551 4
0.5556 6
0.5559 14
0.5562 19
0.5564 1
0.5567 12
0.5574 9
0.5578 11
0.5578 18
0.5581 16
0.5583 2
0.5585 3
0.5585 13
0.5588 8
0.5592 1
0.5592 4
0.5594 19
0.5602 9
0.5606 12
0.5609 18
0.561 6
0.562 1
0.5622 2
0.5622 3
0.5627 19
0.5629 16
0.563 9
0.5631 11
0.5636 13
0.5637 4
0.5639 14
0.5641 18
0.5644 12
0.5648 1
0.5657 3
0.5659 9
0.5659 19
0.566 2
0.5664 6
0.5671 8
0.5673 18
0.5676 1
0.5676 16
0.5678 4
0.5682 12
0.5683 11
0.5687 9
0.5687 13
0.5691 19
0.5693 3
0.5698 2
0.5704 1
0.5704 18
0.5715 9
0.572 6
0.5721 4
0.5721 12
0.5723 14
0.5723 16
0.5725 19
0.5731 3
0.5732 1
0.5734 18
0.5737 2
0.5739 11
0.5739 13
0.5743 9
0.5757 8
0.5758 19
0.5759 12
0.576 1
0.5761 4
0.5765 18
0.5767 3
0.5772 9
0.5772 16
0.5775 2
0.5775 6
0.5788 1
0.579 13
0.5792 11
0.5792 19
0.5797 18
0.5798 12
0.58 9
0.5803 3
0.5804 4
0.5806 14
0.5814 2
0.5816 1
0.582 16
0.5825 19
0.5828 9
0.5828 18
0.583 6
0.5837 12
0.5841 3
0.5841 13
0.5842 8
0.5844 1
0.5846 4
0.5847 11
0.5852 2
0.5856 9
0.5858 19
0.5859 18
0.5868 16
0.5872 1
0.5875 12
0.5877 3
0.5884 9
0.5886 6
0.589 2
0.5891 18
0.5891 19
0.5892 4
0.5892 14
0.5893 13
0.59 1
0.5904 11
0.5912 9
0.5913 3
0.5914 12
0.5917 16
0.5922 18
0.5924 19
0.5928 1
0.5929 2
0.5934 4
0.5934 8
0.594 9
0.5943 6
0.5944 13
0.5951 3
0.5952 12
0.5954 18
0.5956 1
0.5958 19
0.5961 11
0.5965 16
0.5967 2
0.5969 9
0.5978 4
0.5979 14
0.5984 1
0.5986 18
0.5988 3
0.599 12
0.5992 19
0.5994 13
0.5997 9
0.6 6
0.6005 2
0.6012 1
0.6013 16
0.6018 4
0.6018 18
0.6019 11
0.6024 8
0.6025 3
0.6025 9
0.6026 19
0.6029 12
0.604 1
0.6044 2
0.6046 13
0.6049 18
0.6053 9
0.6056 6
0.606 19
0.6062 3
0.6062 4
0.6063 16
0.6066 14
0.6067 12
0.6068 1
0.6078 11
0.608 18
0.6082 2
0.6082 9
0.6093 19
0.6096 1
0.6097 13
0.6099 3
0.6104 4
0.6106 12
0.611 9
0.6111 18
0.6112 16
0.6113 6
0.6119 8
0.612 2
0.6124 1
0.6127 19
0.6138 3
0.6138 9
0.614 11
0.6143 18
0.6145 12
0.6147 13
0.615 4
0.6152 1
0.6157 14
0.6158 2
0.616 19
0.6161 16
0.6166 9
0.617 6
0.6175 3
0.6175 18
0.618 1
0.6183 12
0.6193 4
0.6194 19
0.6195 9
0.6196 2
0.6199 13
0.62 11
0.6206 18
0.6208 1
0.6211 16
0.6212 3
0.6216 8
0.6222 12
0.6223 9
0.6227 6
0.6228 19
0.6235 2
0.6236 1
0.6238 4
0.6238 18
0.6245 14
0.625 13
0.6251 9
0.6252 3
0.6259 11
0.6261 12
0.6261 16
0.6263 19
0.6264 1
0.627 18
0.6273 2
0.6279 4
0.6279 9
0.6285 6
0.629 3
0.6292 1
0.6298 19
0.6299 12
0.63 13
0.6302 18
0.6308 9
0.6309 8
0.6311 2
0.6311 16
0.632 1
0.6322 4
0.6326 11
0.6329 3
0.6333 18
0.6333 19
0.6336 9
0.6338 12
0.6342 6
0.6343 14
0.6348 1
0.635 2
0.6352 13
0.6361 16
0.6363 4
0.6364 9
0.6365 18
0.6367 3
0.6368 19
0.6376 1
0.6376 12
0.6388 2
0.6388 11
0.6392 9
0.6397 18
0.6398 6
0.6401 19
0.6403 13
0.6405 1
0.6405 3
0.6407 8
0.6408 4
0.6412 16
0.6414 12
0.6421 9
0.6426 2
0.6428 18
0.6433 1
0.6434 14
0.6435 19
0.6445 3
0.6448 11
0.6449 9
0.6452 4
0.6453 12
0.6453 13
0.6457 6
0.6459 18
0.6461 1
0.6463 16
0.6465 2
0.6468 19
0.6477 9
0.6482 3
0.6489 1
0.6491 12
0.6492 18
0.6497 4
0.6502 19
0.6503 2
0.6505 13
0.6506 9
0.6511 8
0.6513 16
0.6515 6
0.6518 1
0.6521 3
0.6523 11
0.6524 18
0.6527 14
0.653 12
0.6535 9
0.6536 19
0.654 4
0.6541 2
0.6546 1
0.6555 18
0.6556 13
0.656 3
0.6563 9
0.6565 16
0.6569 12
0.6572 19
0.6573 6
0.6574 1
0.658 2
0.6582 4
0.6586 18
0.6591 9
0.6592 11
0.66 3
0.6603 1
0.6607 12
0.6607 13
0.6607 19
0.6609 8
0.6617 16
0.6618 2
0.6618 18
0.662 9
0.6627 4
0.6628 14
0.6632 1
0.6632 6
0.6639 3
0.6643 19
0.6646 12
0.6649 9
0.665 18
0.6653 11
0.6657 2
0.6659 13
0.666 1
0.6668 16
0.667 4
0.6676 3
0.6677 9
0.6677 19
0.6682 18
0.6685 12
0.6688 1
0.669 6
0.6696 2
0.6705 9
0.6707 8
0.671 13
0.6713 19
0.6714 18
0.6717 1
0.6717 3
0.6717 4
0.6721 16
0.6723 12
0.6723 14
0.6728 11
0.6734 2
0.6734 9
0.6746 1
0.6746 18
0.6747 19
0.6749 6
0.6756 3
0.6761 4
0.6761 13
0.6762 12
0.6763 9
0.6773 2
0.6773 16
0.6774 1
0.6777 18
0.6782 19
0.6791 9
0.6797 3
0.6801 12
0.6802 1
0.6808 4
0.6809 11
0.6809 18
0.681 6
0.6812 2
0.6814 13
0.6816 8
0.6817 19
0.6819 9
0.6822 14
0.6825 16
0.6831 1
0.6835 3
0.6839 12
0.6841 18
0.6848 9
0.685 2
0.685 4
0.6852 19
0.6859 1
0.6865 13
0.6869 6
0.6873 11
0.6873 18
0.6876 3
0.6877 9
0.6878 12
0.6879 16
0.6886 19
0.6887 1
0.6889 2
0.6894 4
0.6904 18
0.6905 9
0.6916 1
0.6916 13
0.6917 3
0.6917 12
0.6922 19
0.6928 2
0.6928 6
0.693 8
0.693 14
0.6932 16
0.6934 9
0.6936 18
0.6938 4
0.6945 1
0.6952 11
0.6956 12
0.6959 3
0.6959 19
0.6963 9
0.6966 2
0.6967 18
0.6968 13
0.6973 1
0.6982 4
0.6986 16
0.6988 6
0.6992 9
0.6995 12
0.6996 19
0.6999 3
0.6999 18
0.7002 1
0.7005 2
0.702 9
0.702 13
0.703 4
0.7031 1
0.7032 18
0.7033 14
0.7034 12
0.7034 19
0.7041 3
0.7042 16
0.7043 8
0.7044 2
0.7045 11
0.7049 6
0.7049 9
0.7059 1
0.7064 18
0.707 19
0.7071 13
0.7073 12
0.7075 4
0.7078 9
0.7082 3
0.7083 2
0.7088 1
0.7096 18
0.7097 16
0.7107 9
0.7108 19
0.7109 6
0.7112 12
0.7117 1
0.7122 2
0.7124 4
0.7124 13
0.7127 3
0.7128 18
0.7132 14
0.7135 9
0.7135 11
0.7145 19
0.7146 1
0.7151 12
0.7152 8
0.7153 16
0.716 18
0.7161 2
0.7164 9
0.7168 4
0.7169 3
0.7172 6
0.7175 1
0.7176 13
0.7182 19
0.719 12
0.7192 18
0.7193 9
0.72 2
0.7204 1
0.7208 11
0.721 16
0.7212 3
0.7215 4
0.7218 19
0.7222 9
0.7224 18
0.7227 13
0.7229 12
0.7233 1
0.7234 6
0.7239 2
0.7244 14
0.725 9
0.7252 3
0.7254 19
0.7257 18
0.7259 4
0.7261 1
0.7261 8
0.7266 16
0.7267 12
0.7277 2
0.7279 9
0.728 13
0.7285 11
0.7289 18
0.729 1
0.729 19
0.7294 3
0.7295 6
0.7303 4
0.7307 12
0.7308 9
0.7316 2
0.7319 1
0.732 18
0.7322 16
0.7326 19
0.7332 13
0.7337 3
0.7337 9
0.7346 12
0.7347 1
0.7351 4
0.7353 18
0.7355 2
0.7358 6
0.7363 14
0.7363 19
0.7365 9
0.7376 1
0.7377 8
0.738 16
0.7383 13
0.7384 3
0.7384 12
0.7385 11
0.7386 18
0.7393 2
0.7394 9
0.7395 4
0.7399 19
0.7405 1
0.7418 18
0.7419 6
0.7423 9
0.7424 12
0.7427 3
0.7432 2
0.7434 1
0.7435 13
0.7436 19
0.7439 16
0.7443 4
0.745 18
0.7452 9
0.7463 1
0.7463 12
0.7471 2
0.7472 3
0.7474 19
0.748 9
0.7482 6
0.7482 18
0.7485 14
0.7487 13
0.7492 1
0.7493 4
0.7497 8
0.7498 16
0.7499 11
0.7502 12
0.7509 2
0.7509 9
0.7511 19
0.7514 3
0.7514 18
0.7521 1
0.7538 9
0.7538 13
0.7541 4
0.7542 12
0.7547 6
0.7547 18
0.7548 2
0.7549 19
0.755 1
0.7557 3
0.7558 16
0.7567 9
0.7579 1
0.758 18
0.7581 12
0.7587 2
0.7589 19
0.759 13
0.7593 4
0.7595 9
0.7604 3
0.7608 1
0.7612 18
0.7614 6
0.7617 14
0.7619 16
0.762 12
0.7624 9
0.7626 2
0.7629 8
0.763 19
0.7632 11
0.7637 1
0.764 4
0.7642 13
0.7645 18
0.765 3
0.7653 9
0.7659 12
0.7666 1
0.7666 2
0.7668 19
0.7677 18
0.768 16
0.7681 6
0.7681 9
0.7689 4
0.7693 13
0.7696 1
0.7698 3
0.7698 12
0.7705 2
0.7708 19
0.7709 18
0.771 9
0.7725 1
0.7737 12
0.7739 9
0.7742 4
0.7743 18
0.7744 2
0.7744 16
0.7746 13
0.7749 19
0.775 3
0.7751 6
0.7755 1
0.776 14
0.7768 9
0.7776 8
0.7776 12
0.7777 18
0.7784 2
0.7785 1
0.7788 4
0.7788 11
0.779 19
0.7796 9
0.7798 13
0.7801 3
0.781 18
0.7812 16
0.7814 1
0.7814 12
0.7819 6
0.7823 2
0.7825 9
0.7829 19
0.7837 4
0.7843 18
0.7844 1
0.785 13
0.7851 3
0.7854 9
0.7854 12
0.7862 2
0.7869 19
0.7874 1
0.7876 18
0.7881 16
0.7883 9
0.7889 4
0.789 6
0.7893 12
0.7902 2
0.7904 1
0.7904 13
0.7905 3
0.7908 18
0.791 19
0.7911 9
0.7913 14
0.7932 12
0.7934 1
0.7936 4
0.794 9
0.7941 18
0.7942 2
0.7952 19
0.7957 13
0.7957 16
0.7959 6
0.7963 3
0.7964 8
0.7965 1
0.7969 9
0.7972 12
0.7974 18
0.7982 2
0.7984 4
0.7995 1
0.7996 19
0.7998 9
0.8007 18
0.8009 13
0.8011 12
0.8022 2
0.8023 3
0.8026 1
0.8027 9
0.8028 6
0.8036 4
0.804 16
0.804 18
0.8041 19
0.805 12
0.8057 1
0.8057 9
0.8063 2
0.8063 13
0.8073 18
0.8086 9
0.8087 3
0.8088 1
0.8089 19
0.809 12
0.8092 4
0.8101 6
0.8103 2
0.8105 14
0.8105 18
0.8115 9
0.8116 13
0.8119 1
0.8129 12
0.8137 19
0.8138 18
0.8139 16
0.814 4
0.8143 2
0.8145 9
0.815 1
0.8154 3
0.8168 12
0.8169 13
0.8171 18
0.8173 6
0.8175 9
0.8181 1
0.8181 8
0.8184 2
0.8185 19
0.8192 4
0.8204 9
0.8204 18
0.8208 12
0.8212 1
0.8223 13
0.8225 2
0.8226 3
0.8233 9
0.8233 19
0.8238 18
0.8242 1
0.8247 12
0.8248 4
0.8249 6
0.8256 16
0.8263 9
0.8265 2
0.8271 18
0.8273 1
0.8277 13
0.8283 19
0.8286 12
0.8292 9
0.83 3
0.8304 1
0.8305 18
0.8307 2
0.8308 4
0.8321 9
0.8326 12
0.833 6
0.8331 13
0.8334 19
0.8335 1
0.8338 18
0.8348 2
0.835 9
0.8352 14
0.8365 4
0.8365 12
0.8367 1
0.8372 18
0.8378 3
0.8379 9
0.8384 19
0.8385 13
0.8388 2
0.8398 1
0.8405 12
0.8407 18
0.8408 9
0.8417 4
0.8418 6
0.843 1
0.843 2
0.8434 19
0.8437 9
0.844 13
0.8441 18
0.8445 12
0.8456 3
0.8462 1
0.8467 9
0.8472 2
0.8474 4
0.8476 18
0.8481 16
0.8484 12
0.8486 19
0.8494 1
0.8495 13
0.8497 9
0.8502 6
0.851 18
0.8513 2
0.8524 12
0.8527 1
0.8527 9
0.8536 4
0.8537 19
0.8538 3
0.8543 18
0.855 13
0.8555 2
0.8557 9
0.8559 1
0.8564 12
0.8577 18
0.8587 9
0.8588 19
0.8592 1
0.8598 2
0.8603 12
0.8606 6
0.8606 13
0.8607 4
0.8612 18
0.8617 9
0.862 3
0.8625 1
0.864 2
0.864 19
0.8643 12
0.8647 9
0.8647 18
0.8657 1
0.8662 13
0.8677 9
0.868 4
0.8682 2
0.8683 12
0.8683 18
0.869 1
0.8692 19
0.8707 3
0.8707 9
0.8718 13
0.8718 18
0.8722 1
0.8723 12
0.8725 2
0.8731 6
0.8736 9
0.8744 19
0.8754 1
0.8755 18
0.8757 4
0.8763 12
0.8766 9
0.8767 2
0.8775 13
0.8787 1
0.879 18
0.8792 3
0.8795 19
0.8796 9
0.8803 12
0.8809 2
0.8819 1
0.8826 9
0.8826 18
0.8831 13
0.8838 4
0.8843 12
0.8848 19
0.8852 1
0.8853 2
0.8856 9
0.8861 18
0.8884 12
0.8885 3
0.8886 1
0.8887 9
0.8888 13
0.8896 2
0.8897 18
0.89 19
0.8917 9
0.8919 1
0.8922 4
0.8925 12
0.8933 18
0.8939 2
0.8946 13
0.8947 9
0.8952 19
0.8953 1
0.8965 12
0.897 18
0.8974 3
0.8978 9
0.8983 2
0.8985 1
0.9004 13
0.9006 12
0.9006 19
0.9008 9
0.9009 18
0.9011 4
0.9018 1
0.9027 2
0.9038 9
0.9046 12
0.9047 18
0.9051 1
0.9059 19
0.9062 13
0.9068 9
0.9069 3
0.907 2
0.9083 1
0.9086 12
0.9086 18
0.9098 9
0.9103 4
0.9111 19
0.9114 2
0.9116 1
0.9121 13
0.9123 18
0.9127 12
0.9128 9
0.915 1
0.9158 2
0.9159 9
0.9161 18
0.9164 19
0.9166 3
0.9168 12
0.918 13
0.9183 1
0.9189 9
0.9194 4
0.92 18
0.9201 2
0.9208 12
0.9217 1
0.9218 19
0.9219 9
0.9238 18
0.9239 13
0.9245 2
0.9249 12
0.925 9
0.9252 1
0.926 3
0.9271 19
0.9277 18
0.9281 9
0.9285 1
0.929 2
0.929 12
0.9299 4
0.9299 13
0.9311 9
0.9314 18
0.9319 1
0.9324 19
0.933 12
0.9334 2
0.9341 9
0.9352 18
0.9353 1
0.9359 13
0.9365 3
0.9371 12
0.9372 9
0.9377 2
0.9378 19
0.9385 1
0.9391 18
0.9399 4
0.9402 9
0.9412 12
0.9418 1
0.9419 13
0.9422 2
0.9428 18
0.9431 19
0.9432 9
0.9452 1
0.9452 12
0.9463 9
0.9466 2
0.9467 18
0.9472 3
0.9479 13
0.9484 19
0.9485 1
0.9493 9
0.9493 12
0.9497 4
0.9506 18
0.9509 2
0.9519 1
0.9523 9
0.9534 12
0.9538 13
0.9538 19
0.9544 18
0.9554 1
0.9554 2
0.9555 9
0.9572 3
0.9574 12
0.9584 18
0.9586 9
0.9588 1
0.9591 19
0.9599 2
0.96 13
0.9606 4
0.9615 12
0.9617 9
0.9622 1
0.9622 18
0.9643 2
0.9644 19
0.9648 9
0.9656 12
0.9657 1
0.9661 13
0.9662 18
0.9676 3
0.9679 9
0.9688 2
0.969 1
0.9697 12
0.9699 19
0.9703 18
0.9709 9
0.9722 4
0.9722 13
0.9723 1
0.9733 2
0.9738 12
0.9739 9
0.9742 18
0.9753 19
0.9757 1
0.977 9
0.9777 2
0.9779 12
0.9783 18
0.9784 13
0.979 3
0.9792 1
0.98 9
0.9806 19
0.9819 12
0.9822 2
0.9825 18
0.9826 1
0.9831 9
0.9835 4
0.9845 13
0.986 12
0.9861 1
0.9861 19
0.9863 9
0.9864 18
0.9867 2
0.9894 9
0.9897 1
0.9901 12
0.9905 18
0.9906 13
0.9908 3
0.9912 2
0.9915 19
0.9925 9
0.9931 1
0.9942 4
0.9942 12
0.9947 18
0.9956 2
0.9956 9
0.9965 1
0.9967 13
0.9968 19
0.9983 12
0.9987 9
0.9987 18
