0.2163 0
0.2163 1
0.2163 2
0.2163 3
0.2163 4
0.2163 5
0.2163 6
0.2163 7
0.2163 8
0.2163 9
0.2217 9
0.2222 2
0.2222 7
0.2225 0
0.2226 3
0.2231 5
0.2232 1
0.2232 6
0.2233 8
0.2243 4
0.2262 9
0.2272 2
0.2272 7
0.2278 0
0.2281 3
0.2292 5
0.2294 1
0.2294 6
0.2296 8
0.2304 9
0.2319 2
0.2319 7
0.2323 4
0.2327 0
0.2331 3
0.2344 9
0.2349 5
0.2352 1
0.2352 6
0.2355 8
0.2363 2
0.2364 7
0.2373 0
0.2378 3
0.2382 9
0.2397 16
0.2403 4
0.2403 5
0.2407 2
0.2408 1
0.2408 6
0.2409 7
0.241 8
0.2417 0
0.2419 9
0.2422 3
0.2448 2
0.2452 7
0.2454 23
0.2455 5
0.2455 9
0.2457 16
0.2459 0
0.2461 8
0.2462 1
0.2462 6
0.2465 3
0.248 12
0.2483 4
0.2488 2
0.2489 9
0.2493 7
0.2493 27
0.25 0
0.2503 5
0.2506 3
0.2507 16
0.2509 8
0.2514 1
0.2514 6
0.2522 9
0.2524 23
0.2527 2
0.2527 13
0.2532 29
0.2533 7
0.254 0
0.2543 12
0.2545 3
0.2546 14
0.2549 5
0.255 16
0.2554 8
0.2555 9
0.2563 4
0.2565 1
0.2565 6
0.2566 2
0.2567 27
0.2572 7
0.2579 0
0.2582 3
0.2583 23
0.2587 9
0.2589 16
0.2594 5
0.2596 12
0.2597 8
0.2601 13
0.2604 2
0.261 14
0.2611 7
0.2615 6
0.2616 1
0.2618 0
0.2618 3
0.2618 29
0.2619 9
0.2625 16
0.2626 27
0.2637 5
0.2637 23
0.2638 8
0.2638 22
0.2641 12
0.2642 2
0.2643 4
0.265 7
0.265 9
0.2653 3
0.2656 0
0.266 16
0.2664 6
0.2664 13
0.2664 14
0.2666 1
0.2678 5
0.2678 8
0.2679 2
0.2679 27
0.2681 9
0.2683 12
0.2683 29
0.2687 3
0.2688 7
0.2688 23
0.2693 16
0.2694 0
0.2695 25
0.2698 20
0.2712 9
0.2712 14
0.2713 1
0.2713 6
0.2717 2
0.2717 8
0.2719 5
0.2721 3
0.2722 13
0.2723 4
0.2723 12
0.2725 27
0.2726 7
0.2726 16
0.2731 0
0.2731 19
0.2732 22
0.2734 11
0.2738 23
0.2742 9
0.2742 29
0.2753 2
0.2753 14
0.2754 3
0.2756 8
0.2757 1
0.2758 16
0.2759 5
0.2761 6
0.2762 12
0.2763 7
0.2768 0
0.2768 27
0.2771 9
0.2774 13
0.2776 17
0.2777 20
0.2785 23
0.2786 3
0.2789 2
0.2789 16
0.2793 14
0.2794 8
0.2797 29
0.2798 5
0.2798 12
0.28 1
0.2801 7
0.2801 9
0.2801 22
0.2803 4
0.2804 0
0.2808 27
0.2809 6
0.281 25
0.2815 19
0.2818 3
0.2819 16
0.2823 2
0.2823 13
0.2824 11
0.283 9
0.2831 8
0.2831 14
0.2831 23
0.2833 12
0.2836 5
0.2838 7
0.2839 0
0.2842 1
0.2842 20
0.2846 24
0.2846 27
0.2848 16
0.2848 17
0.2848 29
0.2849 3
0.2857 2
0.2857 6
0.2859 9
0.2859 22
0.2867 8
0.2867 12
0.2867 14
0.2871 13
0.2873 0
0.2873 5
0.2875 7
0.2876 23
0.2877 16
0.288 3
0.2881 19
0.2882 27
0.2883 1
0.2883 4
0.2886 26
0.2888 9
0.2891 2
0.2895 29
0.2898 11
0.2901 12
0.2901 20
0.2902 14
0.2903 8
0.2904 6
0.2906 16
0.2906 25
0.2907 17
0.2908 0
0.291 5
0.2911 3
0.2911 7
0.2912 22
0.2916 9
0.2916 13
0.2916 27
0.292 23
0.2922 1
0.2925 2
0.2932 24
0.2934 12
0.2934 16
0.2936 14
0.2939 8
0.2939 19
0.294 21
0.2941 3
0.2941 29
0.2942 0
0.2944 9
0.2944 15
0.2947 5
0.2947 7
0.295 6
0.2951 27
0.2956 20
0.2958 2
0.2959 4
0.2959 26
0.296 1
0.296 17
0.2961 13
0.2961 22
0.2962 16
0.2963 23
0.2966 11
0.2966 12
0.2969 14
0.2971 3
0.2972 9
0.2974 8
0.2975 0
0.2981 7
0.2983 5
0.2984 27
0.2984 29
0.299 16
0.2991 2
0.2991 25
0.2992 19
0.2994 6
0.2997 1
0.2998 12
0.3001 9
0.3002 3
0.3002 14
0.3003 18
0.3004 13
0.3004 24
0.3005 20
0.3006 23
0.3007 22
0.3009 17
0.3013 15
0.3017 27
0.3018 16
0.302 0
0.3021 26
0.3022 8
0.3025 29
0.303 11
0.303 12
0.3033 21
0.3034 9
0.3035 14
0.3041 2
0.3041 3
0.3041 7
0.3044 19
0.3045 16
0.3049 13
0.305 23
0.305 27
0.3052 5
0.3053 22
0.3055 20
0.3056 17
0.3062 12
0.3065 24
0.3067 14
0.3067 29
0.3068 9
0.3068 15
0.307 1
0.3072 0
0.3073 16
0.3076 8
0.3078 26
0.3079 3
0.3084 18
0.3084 27
0.3093 2
0.3093 11
0.3095 12
0.3096 19
0.3096 23
0.3097 25
0.3098 13
0.3099 22
0.31 14
0.3101 16
0.3102 9
0.3103 17
0.3106 7
0.3108 20
0.3111 29
0.3117 3
0.3118 27
0.3119 15
0.312 24
0.3121 5
0.3121 21
0.3124 0
0.3128 8
0.3129 12
0.3129 16
0.3132 26
0.3133 14
0.3137 9
0.314 1
0.3144 22
0.3144 23
0.3148 19
0.3149 2
0.315 17
0.3152 13
0.3153 27
0.3154 29
0.3156 3
0.3157 11
0.3157 16
0.316 18
0.3163 12
0.3163 20
0.3165 14
0.3168 15
0.3172 6
0.3172 9
0.3174 24
0.3176 7
0.3177 0
0.3178 8
0.3185 16
0.3185 26
0.3187 27
0.3189 22
0.3191 5
0.3193 23
0.3195 3
0.3197 12
0.3197 14
0.3197 17
0.3197 29
0.3199 19
0.3206 13
0.3208 2
0.3208 9
0.3213 1
0.3213 16
0.3213 21
0.3217 15
0.322 20
0.3221 11
0.3222 27
0.3225 18
0.3226 24
0.3227 8
0.3229 14
0.3231 0
0.3231 12
0.3234 3
0.3236 22
0.3239 26
0.324 29
0.3241 16
0.3243 17
0.3244 9
0.3244 23
0.3248 7
0.325 19
0.3257 27
0.3261 14
0.3262 5
0.3263 15
0.3267 12
0.3267 13
0.3268 2
0.3269 16
0.3274 3
0.3275 8
0.3277 24
0.3278 20
0.3281 9
0.3283 22
0.3284 6
0.3284 11
0.3285 29
0.3286 1
0.3287 0
0.3288 18
0.329 17
0.3292 27
0.3293 14
0.3294 26
0.3297 16
0.3297 23
0.33 19
0.3301 12
0.3307 21
0.3308 15
0.3313 3
0.3318 9
0.3321 7
0.3322 8
0.3325 16
0.3326 14
0.3326 24
0.3327 13
0.3327 27
0.3328 2
0.3328 29
0.3331 22
0.3335 5
0.3336 20
0.3337 12
0.3337 17
0.3344 0
0.3347 18
0.3348 11
0.3349 26
0.335 19
0.3352 15
0.3353 3
0.3353 16
0.3353 23
0.3355 9
0.3356 1
0.3358 14
0.3361 27
0.3368 8
0.3371 29
0.3372 12
0.3374 24
0.3376 6
0.3379 22
0.3381 16
0.3382 17
0.3391 2
0.3391 14
0.3392 9
0.3392 13
0.3394 3
0.3394 7
0.3395 20
0.3397 27
0.3398 15
0.3401 19
0.3402 0
0.3403 18
0.3404 21
0.3404 26
0.3407 12
0.3409 16
0.341 5
0.3411 23
0.3412 11
0.3414 8
0.3414 29
0.3421 24
0.3423 14
0.3426 17
0.3426 22
0.3428 1
0.3429 9
0.3432 27
0.3434 3
0.3437 16
0.3441 15
0.3443 12
0.3452 19
0.3456 2
0.3456 14
0.3456 20
0.3457 29
0.3458 26
0.3459 8
0.3459 18
0.3461 0
0.3461 13
0.3462 6
0.3465 7
0.3465 16
0.3467 9
0.3467 27
0.3468 24
0.3471 23
0.3472 17
0.3474 3
0.3475 22
0.3476 11
0.3478 12
0.3484 15
0.3486 5
0.3488 14
0.3493 16
0.3498 29
0.3502 19
0.3502 27
0.3504 1
0.3504 8
0.3504 21
0.3505 9
0.3512 18
0.3512 26
0.3514 3
0.3514 12
0.3516 24
0.3517 20
0.3519 17
0.352 14
0.3522 0
0.3522 2
0.3522 16
0.3524 22
0.3527 15
0.353 13
0.3534 23
0.3536 7
0.3537 27
0.3539 29
0.354 11
0.3541 6
0.3543 9
0.3549 8
0.355 12
0.355 16
0.3552 14
0.3552 19
0.3554 3
0.3563 5
0.3563 24
0.3564 18
0.3565 17
0.3566 26
0.357 15
0.3572 22
0.3572 27
0.3578 20
0.3579 1
0.3579 16
0.3579 29
0.3581 9
0.3584 0
0.3585 14
0.3586 12
0.3591 2
0.3594 8
0.3595 3
0.3599 13
0.3599 23
0.3604 19
0.3605 11
0.3606 21
0.3607 7
0.3607 16
0.3607 27
0.3609 24
0.3611 17
0.3614 15
0.3617 14
0.3617 18
0.3619 6
0.3619 9
0.3619 26
0.362 22
0.3621 29
0.3622 12
0.3635 3
0.3635 16
0.3639 8
0.3639 20
0.3641 5
0.3642 27
0.3646 0
0.3649 14
0.3651 1
0.3655 24
0.3657 9
0.3657 15
0.3657 19
0.3658 12
0.3659 17
0.3661 2
0.3661 29
0.3664 16
0.3666 23
0.3667 13
0.3668 18
0.3668 22
0.3671 11
0.3673 26
0.3676 3
0.3678 7
0.3678 27
0.3681 14
0.3684 8
0.3692 16
0.3695 6
0.3695 9
0.3695 12
0.3696 10
0.3699 15
0.37 20
0.3701 24
0.3702 29
0.3707 17
0.3708 0
0.371 19
0.371 21
0.3713 27
0.3714 14
0.3716 3
0.3717 22
0.3718 18
0.372 16
0.3721 1
0.3721 5
0.3724 26
0.3726 2
0.3729 8
0.3731 12
0.3733 9
0.3735 23
0.3736 11
0.3737 13
0.3741 15
0.3741 29
0.3746 14
0.3746 24
0.3747 7
0.3748 16
0.3749 27
0.3754 17
0.3755 3
0.3757 20
0.3761 19
0.3766 22
0.3768 6
0.3768 12
0.3769 18
0.377 0
0.3771 9
0.3773 8
0.3775 26
0.3776 16
0.3778 14
0.3781 29
0.3783 27
0.3784 15
0.3788 1
0.3791 2
0.3791 24
0.3794 3
0.3801 11
0.3802 17
0.3804 5
0.3804 16
0.3804 23
0.3805 12
0.3807 13
0.3809 9
0.3811 14
0.3813 19
0.3816 7
0.3816 20
0.3816 22
0.3817 8
0.3817 21
0.3818 27
0.3819 18
0.3822 29
0.3826 15
0.3827 26
0.3832 0
0.3832 16
0.3833 3
0.3836 24
0.3838 6
0.3841 12
0.3843 14
0.3847 9
0.3849 17
0.3852 27
0.3855 1
0.3857 2
0.3861 16
0.3862 8
0.3863 29
0.3864 22
0.3865 19
0.3866 11
0.3868 18
0.3869 15
0.3873 3
0.3873 23
0.3875 14
0.3877 13
0.3877 20
0.3878 12
0.3881 26
0.3882 24
0.3883 7
0.3885 9
0.3887 27
0.3888 5
0.3889 16
0.3894 0
0.3896 17
0.3904 29
0.3907 8
0.3908 14
0.3909 6
0.3911 22
0.3912 15
0.3913 3
0.3914 12
0.3917 16
0.3918 18
0.3918 19
0.3919 21
0.3922 10
0.3922 27
0.3923 9
0.3924 2
0.3927 1
0.3927 24
0.393 11
0.3934 26
0.3937 20
0.394 14
0.3942 23
0.3943 17
0.3943 29
0.3945 16
0.3947 13
0.3951 12
0.3952 3
0.3952 8
0.3953 7
0.3953 15
0.3957 0
0.3957 27
0.3959 22
0.3961 9
0.3968 18
0.397 19
0.3971 5
0.3972 14
0.3972 24
0.3973 16
0.3979 6
0.3982 29
0.3985 26
0.3986 2
0.3987 12
0.3991 3
0.3991 17
0.3992 27
0.3994 1
0.3995 11
0.3996 15
0.3996 20
0.3997 8
0.3999 9
0.4001 16
0.4005 14
0.4007 22
0.4011 23
0.4016 18
0.4018 13
0.4018 24
0.4019 0
0.402 7
0.4021 19
0.4022 21
0.4022 29
0.4024 12
0.4027 27
0.4029 16
0.403 3
0.4037 9
0.4037 14
0.4037 15
0.4037 26
0.4038 17
0.4042 8
0.4048 2
0.4048 6
0.4054 5
0.4055 22
0.4056 20
0.4057 16
0.406 11
0.4061 1
0.4061 12
0.4061 29
0.4062 27
0.4064 18
0.4064 24
0.407 3
0.407 14
0.4072 19
0.4075 9
0.4079 15
0.4081 0
0.4081 23
0.4085 16
0.4085 17
0.4086 8
0.4087 7
0.4089 13
0.4089 26
0.4097 12
0.4097 27
0.4101 29
0.4102 14
0.4103 22
0.4109 3
0.4109 24
0.4111 2
0.4113 9
0.4113 16
0.4113 18
0.4115 10
0.4116 20
0.4117 6
0.4122 15
0.4124 11
0.4124 19
0.4124 21
0.413 1
0.413 8
0.4131 27
0.4133 12
0.4134 14
0.4134 17
0.4138 5
0.414 26
0.414 29
0.4141 16
0.4144 0
0.4147 3
0.415 9
0.4151 23
0.4152 22
0.4154 7
0.4154 24
0.4159 13
0.4161 18
0.4164 15
0.4166 27
0.4167 14
0.4169 2
0.4169 16
0.417 12
0.4172 20
0.4174 8
0.4176 19
0.4179 29
0.4183 17
0.4184 6
0.4185 3
0.4188 9
0.4188 11
0.4192 26
0.4194 1
0.4197 16
0.4199 14
0.4199 22
0.4199 24
0.42 27
0.4206 0
0.4206 15
0.4207 12
0.4208 18
0.4218 8
0.4219 29
0.422 7
0.422 23
0.4222 5
0.4224 3
0.4225 16
0.4226 9
0.4227 21
0.4228 13
0.4229 19
0.4229 20
0.423 2
0.4231 17
0.4232 14
0.4235 27
0.4243 12
0.4244 24
0.4244 26
0.4245 22
0.4247 15
0.425 6
0.4253 11
0.4253 16
0.4256 18
0.4258 1
0.4258 29
0.4262 8
0.4263 3
0.4264 9
0.4265 14
0.4268 0
0.427 27
0.4279 17
0.428 12
0.4281 16
0.4282 19
0.4286 7
0.4287 20
0.4288 10
0.4289 15
0.4289 23
0.4289 24
0.4291 2
0.4293 22
0.4295 26
0.4296 13
0.4298 14
0.4298 29
0.4301 3
0.4302 9
0.4304 18
0.4305 27
0.4306 5
0.4306 8
0.4309 16
0.4315 6
0.4316 12
0.4317 11
0.4321 1
0.4324 21
0.4328 17
0.433 14
0.433 15
0.4331 0
0.4333 24
0.4334 19
0.4336 29
0.4337 16
0.4339 3
0.4339 9
0.434 27
0.4341 20
0.4342 22
0.4345 26
0.4348 2
0.435 8
0.4351 7
0.4351 18
0.4352 12
0.4357 23
0.4363 13
0.4363 14
0.4365 16
0.4371 15
0.4375 27
0.4375 29
0.4376 9
0.4377 3
0.4377 17
0.4377 24
0.4379 6
0.438 11
0.4382 1
0.4385 19
0.4389 12
0.4389 22
0.439 5
0.4392 0
0.4393 8
0.4393 16
0.4395 14
0.4397 20
0.4397 26
0.4398 18
0.4406 2
0.4409 27
0.4413 9
0.4413 15
0.4413 29
0.4415 3
0.4415 7
0.4417 21
0.4421 16
0.4421 24
0.4423 23
0.4425 12
0.4425 17
0.4428 14
0.4431 13
0.4435 19
0.4435 22
0.4436 8
0.4442 6
0.4443 11
0.4444 27
0.4445 1
0.4446 18
0.4449 16
0.445 9
0.445 26
0.4451 10
0.4451 29
0.4453 0
0.4453 15
0.4454 3
0.4454 20
0.446 14
0.4461 12
0.4464 2
0.4465 24
0.4471 17
0.4472 5
0.4477 16
0.4478 7
0.4478 27
0.4479 8
0.4482 22
0.4485 19
0.4487 9
0.4489 23
0.449 29
0.4492 3
0.4492 14
0.4494 18
0.4496 15
0.4497 12
0.4499 13
0.4499 26
0.4505 6
0.4505 16
0.4507 1
0.4507 11
0.4508 20
0.4509 21
0.4509 24
0.4513 27
0.4514 0
0.4519 17
0.452 2
0.4522 8
0.4524 9
0.4524 14
0.4528 29
0.4529 22
0.453 3
0.4532 12
0.4533 16
0.4535 19
0.4536 15
0.4541 7
0.4541 18
0.4547 26
0.4547 27
0.4553 5
0.4553 24
0.4554 23
0.4557 14
0.4561 9
0.4561 16
0.4563 20
0.4566 8
0.4567 17
0.4567 29
0.4568 1
0.4568 3
0.4568 6
0.4568 13
0.4569 12
0.457 11
0.4576 0
0.4576 22
0.4577 15
0.4578 2
0.4581 27
0.4586 19
0.4588 18
0.4589 14
0.4589 16
0.4595 26
0.4597 24
0.4598 9
0.4599 21
0.4604 7
0.4605 12
0.4605 29
0.4606 3
0.4606 10
0.461 8
0.4614 17
0.4616 27
0.4617 16
0.4617 20
0.4618 15
0.4618 23
0.4621 14
0.4623 22
0.4626 1
0.4631 6
0.4633 11
0.4634 2
0.4635 9
0.4636 5
0.4636 18
0.4637 0
0.4637 19
0.4638 13
0.4641 12
0.4642 24
0.4643 3
0.4643 26
0.4643 29
0.4644 16
0.4649 27
0.4653 14
0.4654 8
0.4658 15
0.4659 17
0.4666 7
0.4669 20
0.467 22
0.4672 9
0.4672 16
0.4677 12
0.4681 3
0.4682 23
0.4682 29
0.4683 18
0.4684 27
0.4685 1
0.4685 14
0.4686 21
0.4687 19
0.4687 24
0.4691 2
0.4692 26
0.4694 6
0.4696 11
0.4697 0
0.4697 8
0.4699 15
0.47 16
0.4706 13
0.4706 17
0.4709 9
0.4713 12
0.4717 14
0.4717 22
0.4718 5
0.4718 27
0.4719 3
0.472 29
0.4722 20
0.4727 7
0.4728 16
0.4729 18
0.4732 24
0.4737 19
0.4739 15
0.474 8
0.4741 26
0.4743 1
0.4746 9
0.4749 2
0.4749 12
0.4749 14
0.4749 23
0.4753 27
0.4754 17
0.4756 6
0.4756 16
0.4757 3
0.4758 0
0.4758 29
0.4759 11
0.476 10
0.4763 22
0.4773 13
0.4774 21
0.4775 18
0.4775 20
0.4776 24
0.478 15
0.4782 14
0.4783 8
0.4784 9
0.4784 16
0.4785 12
0.4786 19
0.4787 26
0.4787 27
0.4788 7
0.4794 3
0.4795 29
0.4797 1
0.4799 5
0.4801 17
0.4803 2
0.4808 22
0.4812 16
0.4815 14
0.4815 23
0.4818 0
0.4818 6
0.4821 9
0.4821 11
0.4821 12
0.4821 24
0.4822 15
0.4822 18
0.4822 27
0.4827 8
0.4828 20
0.4831 3
0.4832 29
0.4835 19
0.4835 26
0.4839 13
0.484 16
0.4846 17
0.4847 14
0.485 7
0.4853 22
0.4855 1
0.4856 12
0.4856 27
0.4857 21
0.4858 2
0.4858 9
0.4862 15
0.4865 24
0.4868 3
0.4868 16
0.4868 18
0.487 29
0.4871 8
0.4877 0
0.4879 5
0.4879 6
0.4879 14
0.488 23
0.4882 11
0.4882 20
0.4884 19
0.4885 26
0.4889 27
0.4891 12
0.4893 17
0.4895 9
0.4896 16
0.4899 22
0.4902 15
0.4903 13
0.4906 3
0.4906 10
0.4908 29
0.4909 24
0.4911 14
0.4912 1
0.4912 7
0.4913 18
0.4914 2
0.4914 8
0.4923 16
0.4923 27
0.4927 12
0.4931 9
0.4934 19
0.4934 20
0.4934 26
0.4936 0
0.4939 6
0.494 21
0.4941 17
0.4943 3
0.4943 14
0.4943 15
0.4944 11
0.4944 23
0.4945 22
0.4946 29
0.495 16
0.4953 24
0.4956 27
0.4957 8
0.4957 28
0.4958 18
0.496 5
0.4962 12
0.4966 1
0.4967 2
0.4967 13
0.4968 9
0.4973 7
0.4975 14
0.4977 16
0.498 3
0.4982 15
0.4982 26
0.4983 19
0.4983 29
0.4986 20
0.4988 17
0.499 27
0.4991 22
0.4995 0
0.4997 12
0.4997 24
0.4999 6
0.4999 8
0.5004 9
0.5004 18
0.5005 16
0.5006 11
0.5007 14
0.5008 23
0.5017 3
0.502 29
0.5022 2
0.5022 15
0.5023 1
0.5023 21
0.5023 27
0.503 26
0.5031 13
0.5033 7
0.5033 12
0.5033 16
0.5033 19
0.5034 17
0.5037 22
0.5039 14
0.5039 20
0.504 9
0.5041 5
0.5041 8
0.5041 24
0.505 18
0.5051 10
0.5053 0
0.5053 3
0.5057 27
0.5057 29
0.5059 6
0.506 16
0.5062 15
0.5067 11
0.5067 12
0.5071 14
0.5071 23
0.5075 2
0.5076 9
0.5076 26
0.5077 1
0.508 17
0.5083 8
0.5083 19
0.5083 22
0.5084 24
0.5087 16
0.5089 20
0.509 3
0.5091 27
0.5092 7
0.5094 13
0.5095 18
0.5095 29
0.5102 12
0.5102 14
0.5103 15
0.5103 21
0.511 0
0.5111 9
0.5114 16
0.5118 6
0.5119 5
0.5124 26
0.5125 27
0.5126 8
0.5127 3
0.5127 17
0.5127 24
0.5128 11
0.5128 22
0.5129 2
0.5131 1
0.5132 29
0.5133 19
0.5133 23
0.5134 14
0.5136 12
0.5141 16
0.5141 18
0.5141 20
0.5143 15
0.5146 9
0.5151 7
0.5156 13
0.5158 27
0.5164 3
0.5166 14
0.5167 0
0.5169 8
0.5169 16
0.517 24
0.517 29
0.5171 12
0.5172 26
0.5173 22
0.5174 17
0.5177 6
0.5182 9
0.5183 15
0.5183 19
0.5185 2
0.5185 21
0.5187 18
0.5188 1
0.5189 10
0.5189 11
0.5191 27
0.5194 23
0.5195 5
0.5195 20
0.5196 16
0.5198 14
0.5201 3
0.5206 12
0.5206 29
0.521 7
0.5211 8
0.5213 24
0.5217 9
0.5218 13
0.5218 22
0.5218 26
0.522 17
0.5223 15
0.5223 16
0.5224 0
0.5225 27
0.5229 14
0.5232 19
0.5234 18
0.5237 3
0.5238 2
0.5238 6
0.5241 1
0.5241 12
0.5243 29
0.5247 20
0.525 11
0.525 16
0.5253 8
0.5253 9
0.5255 23
0.5256 24
0.5258 27
0.526 14
0.5263 15
0.5263 22
0.5265 17
0.5265 21
0.5265 26
0.5268 7
0.5272 5
0.5273 3
0.5277 12
0.5278 16
0.528 18
0.528 29
0.5281 0
0.5281 13
0.5281 19
0.5288 9
0.5291 14
0.5292 2
0.5292 27
0.5294 1
0.5295 8
0.5298 6
0.5299 20
0.5299 24
0.5302 15
0.5305 16
0.5308 22
0.5309 3
0.5311 11
0.5311 12
0.5311 17
0.5313 26
0.5315 23
0.5316 29
0.5323 9
0.5323 14
0.5325 18
0.5325 27
0.5326 7
0.5326 10
0.5329 19
0.5332 16
0.5337 8
0.5337 28
0.5338 0
0.5342 15
0.5342 24
0.5344 2
0.5344 13
0.5344 21
0.5345 3
0.5347 1
0.5347 12
0.5349 5
0.5349 20
0.5352 22
0.5353 29
0.5354 14
0.5356 17
0.5357 6
0.5358 9
0.5358 27
0.5359 16
0.5359 26
0.537 18
0.5371 11
0.5374 23
0.5377 19
0.538 8
0.5381 3
0.5381 12
0.5381 15
0.5384 7
0.5385 24
0.5386 14
0.5386 16
0.5389 29
0.5391 27
0.5393 9
0.5395 0
0.5396 2
0.5397 22
0.5399 20
0.54 1
0.54 17
0.5405 26
0.5407 13
0.5413 16
0.5416 6
0.5416 12
0.5416 18
0.5417 3
0.5418 14
0.5421 15
0.5422 21
0.5423 8
0.5424 19
0.5424 27
0.5425 5
0.5426 29
0.5428 9
0.5428 24
0.543 11
0.5433 23
0.544 16
0.5441 7
0.5442 22
0.5445 17
0.5448 2
0.5449 14
0.5451 12
0.5451 20
0.5452 0
0.5453 1
0.5453 26
0.5454 3
0.5457 27
0.546 10
0.546 15
0.5461 18
0.5463 9
0.5463 29
0.5465 8
0.5467 16
0.5469 13
0.5471 19
0.5471 24
0.5474 6
0.548 14
0.5485 12
0.5486 22
0.549 3
0.549 11
0.549 27
0.5491 17
0.5492 23
0.5494 16
0.5498 2
0.5499 7
0.5499 9
0.5499 15
0.5499 26
0.55 21
0.55 29
0.5501 5
0.5501 20
0.5505 18
0.5506 1
0.5507 8
0.5508 0
0.5511 14
0.5514 24
0.5518 19
0.5519 12
0.5521 16
0.5523 27
0.5525 3
0.5529 22
0.5531 6
0.5531 13
0.5534 9
0.5535 17
0.5536 29
0.5538 15
0.5542 14
0.5546 26
0.5548 2
0.5548 16
0.5549 8
0.5549 18
0.555 11
0.5551 23
0.5552 20
0.5554 12
0.5556 27
0.5557 7
0.5557 24
0.556 1
0.5561 3
0.5563 0
0.5565 19
0.5569 9
0.5572 22
0.5573 14
0.5573 29
0.5575 16
0.5575 21
0.5576 5
0.5577 15
0.5579 17
0.5582 28
0.5586 10
0.5588 6
0.5588 12
0.5589 27
0.5591 8
0.5591 26
0.5592 13
0.5593 18
0.5597 3
0.5598 2
0.56 24
0.5602 16
0.5602 20
0.5604 9
0.5605 14
0.5608 29
0.5609 11
0.561 23
0.5611 1
0.5612 19
0.5615 7
0.5615 15
0.5616 22
0.5618 0
0.5622 12
0.5622 27
0.5624 17
0.5629 16
0.5632 3
0.5633 8
0.5635 26
0.5636 14
0.5637 18
0.5639 9
0.5642 24
0.5645 6
0.5645 29
0.5647 2
0.565 5
0.5651 20
0.5651 21
0.5653 13
0.5654 15
0.5655 27
0.5656 16
0.5657 12
0.5659 19
0.566 22
0.5663 1
0.5667 14
0.5668 3
0.5668 11
0.5669 23
0.567 17
0.5672 7
0.5673 0
0.5674 8
0.5674 9
0.568 18
0.568 26
0.5681 29
0.5683 16
0.5685 24
0.5687 27
0.5691 12
0.5692 15
0.5697 2
0.5698 14
0.5701 6
0.5701 20
0.5704 3
0.5704 22
0.5706 19
0.5709 9
0.5709 10
0.571 16
0.5713 13
0.5715 1
0.5715 8
0.5715 17
0.5718 29
0.572 27
0.5723 18
0.5725 5
0.5725 12
0.5725 21
0.5725 26
0.5727 0
0.5727 11
0.5727 23
0.5728 7
0.5728 24
0.5729 14
0.5731 15
0.5737 16
0.5739 3
0.5744 9
0.5745 2
0.5747 22
0.5749 20
0.5753 19
0.5753 27
0.5754 29
0.5756 6
0.5756 8
0.5759 12
0.5759 17
0.576 14
0.5764 1
0.5764 16
0.5767 18
0.5769 26
0.577 15
0.5771 24
0.5772 13
0.5774 3
0.5779 9
0.5781 0
0.5784 7
0.5785 23
0.5786 11
0.5786 27
0.579 22
0.5791 14
0.5791 16
0.5791 29
0.5793 12
0.5794 2
0.5797 8
0.5798 5
0.5799 20
0.58 21
0.5801 19
0.5803 17
0.5806 28
0.5808 15
0.581 3
0.5812 6
0.5812 18
0.5813 24
0.5813 26
0.5814 1
0.5814 9
0.5818 16
0.5819 27
0.5822 14
0.5826 29
0.5827 12
0.5829 10
0.5831 13
0.5833 22
0.5835 0
0.5839 8
0.584 7
0.5843 2
0.5844 23
0.5845 3
0.5845 16
0.5846 11
0.5847 15
0.5848 17
0.5848 20
0.5849 9
0.5849 19
0.5852 27
0.5853 14
0.5856 18
0.5856 24
0.5856 26
0.5861 12
0.5863 1
0.5863 29
0.5867 6
0.5871 5
0.5872 16
0.5873 21
0.5875 22
0.588 3
0.5881 8
0.5884 9
0.5885 14
0.5885 27
0.5886 15
0.589 0
0.5891 13
0.5892 2
0.5893 17
0.5895 7
0.5895 12
0.5897 19
0.5897 20
0.5898 29
0.5899 16
0.5899 24
0.59 18
0.5901 23
0.5902 26
0.5905 11
0.5913 1
0.5916 3
0.5916 14
0.5917 22
0.5918 27
0.5919 9
0.5922 6
0.5923 8
0.5924 15
0.5926 16
0.5929 12
0.5934 29
0.5937 17
0.5942 2
0.5942 24
0.5944 5
0.5944 18
0.5945 0
0.5945 19
0.5947 10
0.5947 20
0.5948 14
0.5948 21
0.5948 26
0.595 7
0.595 13
0.5951 27
0.5952 3
0.5953 16
0.5954 9
0.5958 23
0.5959 22
0.5962 12
0.5962 15
0.5963 1
0.5963 11
0.5965 8
0.5969 29
0.5976 6
0.5979 14
0.598 16
0.598 17
0.5984 24
0.5984 27
0.5987 3
0.5988 18
0.5989 9
0.599 2
0.5992 19
0.5992 26
0.5994 20
0.5996 12
0.5999 0
0.6 15
0.6002 22
0.6005 29
0.6006 7
0.6006 8
0.6007 16
0.6008 13
0.601 14
0.6012 28
0.6014 1
0.6015 23
0.6016 5
0.6017 27
0.602 21
0.6022 3
0.6022 11
0.6023 9
0.6024 17
0.6026 24
0.603 12
0.6031 6
0.6032 18
0.6034 16
0.6036 26
0.6038 15
0.6039 2
0.6039 19
0.604 29
0.6041 14
0.6043 20
0.6044 22
0.6047 8
0.6049 27
0.6052 0
0.6058 3
0.6058 9
0.6061 10
0.6061 16
0.6062 7
0.6064 1
0.6064 12
0.6066 13
0.6068 17
0.6069 24
0.6071 23
0.6072 14
0.6076 18
0.6076 29
0.6077 15
0.6079 26
0.6081 11
0.6082 27
0.6086 19
0.6086 22
0.6087 2
0.6087 6
0.6088 16
0.6089 5
0.6089 8
0.6091 20
0.6092 21
0.6093 3
0.6093 9
0.6098 12
0.6103 14
0.6105 0
0.6111 17
0.6111 24
0.6111 29
0.6112 1
0.6114 27
0.6115 15
0.6115 16
0.6117 7
0.6119 18
0.6122 26
0.6123 13
0.6127 23
0.6128 3
0.6128 9
0.6129 22
0.613 8
0.6132 12
0.6133 19
0.6134 14
0.6136 2
0.614 11
0.6141 20
0.6142 6
0.6142 16
0.6146 27
0.6146 29
0.6153 15
0.6153 24
0.6154 17
0.6158 0
0.6162 1
0.6162 18
0.6164 3
0.6164 5
0.6164 9
0.6164 21
0.6165 14
0.6165 26
0.6166 12
0.6169 16
0.6171 8
0.6172 7
0.6172 22
0.6174 10
0.6178 27
0.6179 19
0.618 13
0.6181 29
0.6183 23
0.6184 2
0.6189 20
0.6191 15
0.6195 24
0.6196 6
0.6196 14
0.6196 16
0.6198 17
0.6199 3
0.6199 9
0.6199 11
0.62 12
0.6205 18
0.6205 28
0.6208 26
0.6209 1
0.621 27
0.6211 0
0.6212 8
0.6214 22
0.6217 29
0.6223 16
0.6225 19
0.6226 7
0.6227 14
0.6229 15
0.6232 2
0.6234 3
0.6234 9
0.6234 12
0.6235 21
0.6237 13
0.6237 20
0.6237 24
0.6238 5
0.6239 23
0.6241 17
0.6242 27
0.6248 18
0.625 16
0.6251 6
0.6252 26
0.6253 8
0.6253 29
0.6255 22
0.6257 1
0.6257 11
0.6258 14
0.6263 0
0.6266 15
0.6267 12
0.6269 3
0.6269 9
0.6271 19
0.6274 27
0.6277 16
0.6279 24
0.628 7
0.6281 2
0.6283 17
0.6285 20
0.6287 10
0.6289 14
0.6289 29
0.629 18
0.6294 8
0.6294 13
0.6295 23
0.6295 26
0.6297 22
0.6301 12
0.6304 3
0.6304 9
0.6304 15
0.6304 16
0.6305 1
0.6305 6
0.6305 21
0.6307 27
0.6311 5
0.6315 0
0.6315 11
0.6317 19
0.632 14
0.6321 24
0.6324 29
0.6326 17
0.6327 2
0.6331 16
0.6332 18
0.6332 20
0.6334 7
0.6334 12
0.6336 8
0.6337 26
0.6339 3
0.6339 9
0.6339 27
0.634 22
0.6341 15
0.635 13
0.635 23
0.6351 14
0.6352 1
0.6358 6
0.6358 16
0.6359 29
0.6363 19
0.6363 24
0.6368 0
0.6368 12
0.6371 17
0.6372 27
0.6373 11
0.6374 3
0.6374 9
0.6374 21
0.6375 2
0.6375 18
0.6378 8
0.6379 15
0.6381 20
0.6381 26
0.6382 14
0.6383 5
0.6383 22
0.6384 16
0.6388 7
0.6388 28
0.6393 29
0.6395 10
0.6399 1
0.6401 12
0.6404 27
0.6405 23
0.6405 24
0.6407 13
0.6408 3
0.6408 9
0.6409 19
0.6411 6
0.6411 16
0.6413 14
0.6415 17
0.6417 15
0.6419 8
0.6419 18
0.6421 2
0.6422 0
0.6425 22
0.6425 26
0.6428 20
0.6428 29
0.6431 11
0.6434 12
0.6436 27
0.6438 16
0.6442 7
0.6443 9
0.6444 3
0.6444 14
0.6444 21
0.6447 1
0.6447 24
0.6454 5
0.6455 15
0.6455 19
0.6458 17
0.646 8
0.646 23
0.6463 18
0.6464 29
0.6465 6
0.6465 13
0.6465 16
0.6466 22
0.6468 2
0.6468 12
0.6469 26
0.6469 27
0.6475 0
0.6475 14
0.6476 20
0.6477 9
0.6479 3
0.6488 24
0.6489 11
0.6492 16
0.6493 15
0.6497 1
0.6497 7
0.65 29
0.6501 8
0.6501 12
0.6501 17
0.6501 19
0.6501 27
0.6506 14
0.6506 18
0.6508 10
0.6508 22
0.6511 9
0.6512 26
0.6513 3
0.6513 21
0.6515 23
0.6516 2
0.6519 6
0.6519 16
0.6523 13
0.6523 20
0.6525 5
0.6527 0
0.6529 24
0.653 15
0.6533 27
0.6534 12
0.6534 29
0.6537 14
0.6542 8
0.6544 1
0.6545 17
0.6546 9
0.6546 16
0.6547 19
0.6548 3
0.6548 11
0.6549 18
0.6551 7
0.6551 22
0.6554 26
0.6562 2
0.6563 28
0.6565 27
0.6568 12
0.6568 14
0.6568 15
0.6569 29
0.657 20
0.657 23
0.6571 24
0.6573 6
0.6573 16
0.6579 0
0.6581 9
0.6581 13
0.6582 21
0.6583 3
0.6583 8
0.6588 17
0.6592 1
0.6592 18
0.6593 19
0.6593 22
0.6596 5
0.6597 26
0.6597 27
0.6599 14
0.66 16
0.6601 12
0.6603 29
0.6605 7
0.6605 15
0.6606 11
0.6609 2
0.6612 24
0.6615 9
0.6617 10
0.6618 3
0.6618 20
0.6624 8
0.6625 23
0.6626 6
0.6627 16
0.6629 27
0.663 14
0.6631 17
0.6632 0
0.6634 12
0.6634 22
0.6635 18
0.6638 1
0.6638 13
0.6638 29
0.6639 19
0.6639 26
0.6643 15
0.6649 9
0.6651 21
0.6653 3
0.6653 24
0.6654 16
0.6655 2
0.6658 7
0.6661 14
0.6662 27
0.6664 11
0.6665 8
0.6665 20
0.6667 5
0.6668 12
0.6673 29
0.6674 17
0.6675 22
0.6679 18
0.668 6
0.668 15
0.668 23
0.6681 16
0.6682 26
0.6683 9
0.6684 0
0.6684 1
0.6684 19
0.6688 3
0.6692 14
0.6694 24
0.6694 27
0.6695 13
0.6701 12
0.6702 2
0.6706 8
0.6708 16
0.6708 29
0.6711 7
0.6713 20
0.6717 9
0.6717 17
0.6718 15
0.6718 22
0.672 21
0.6722 11
0.6722 18
0.6723 3
0.6723 14
0.6725 10
0.6726 26
0.6726 27
0.6729 19
0.6732 1
0.6733 6
0.6734 16
0.6734 28
0.6735 0
0.6735 12
0.6735 23
0.6736 24
0.6738 5
0.6743 29
0.6747 2
0.6747 8
0.6751 9
0.6751 13
0.6754 14
0.6756 15
0.6758 3
0.6758 27
0.6759 17
0.6759 20
0.6761 16
0.6761 22
0.6764 7
0.6764 18
0.6768 12
0.6768 26
0.6774 19
0.6778 24
0.6778 29
0.678 1
0.678 11
0.6785 9
0.6785 14
0.6786 6
0.6787 0
0.6787 21
0.6788 8
0.6788 16
0.679 23
0.679 27
0.6793 3
0.6794 2
0.6794 15
0.6801 12
0.6801 17
0.6803 22
0.6805 20
0.6806 13
0.6806 18
0.6809 5
0.681 26
0.6813 29
0.6815 16
0.6816 14
0.6817 7
0.6819 9
0.6819 19
0.6819 24
0.6822 27
0.6828 1
0.6828 3
0.683 8
0.6831 15
0.6833 10
0.6834 12
0.6838 11
0.6839 0
0.6839 6
0.6841 2
0.6842 16
0.6844 17
0.6845 22
0.6845 23
0.6847 14
0.6848 18
0.6848 29
0.6851 20
0.6852 26
0.6853 9
0.6854 21
0.6854 27
0.686 24
0.6861 13
0.6863 3
0.6864 19
0.6867 12
0.6868 15
0.6869 16
0.6871 7
0.6871 8
0.6874 1
0.6878 14
0.6879 5
0.6883 29
0.6886 9
0.6886 22
0.6887 2
0.6887 17
0.6887 27
0.689 18
0.6891 0
0.6892 6
0.6896 16
0.6896 26
0.6897 11
0.6898 3
0.6898 20
0.6899 23
0.6899 28
0.69 12
0.6902 24
0.6906 15
0.6909 14
0.6909 19
0.6912 8
0.6916 13
0.6918 29
0.6919 27
0.692 9
0.6921 21
0.6922 1
0.6923 16
0.6925 7
0.6928 22
0.6929 17
0.6932 18
0.6933 3
0.6933 12
0.6934 2
0.6939 10
0.694 14
0.694 26
0.6943 0
0.6943 15
0.6943 24
0.6945 6
0.6946 20
0.6948 5
0.6949 16
0.6951 27
0.6953 8
0.6953 23
0.6953 29
0.6954 9
0.6954 19
0.6955 11
0.6965 12
0.6968 1
0.6968 3
0.697 22
0.6971 13
0.6971 14
0.6971 17
0.6974 18
0.6975 16
0.6978 7
0.6979 2
0.698 15
0.6982 26
0.6983 27
0.6984 24
0.6988 9
0.6988 21
0.6988 29
0.6992 20
0.6993 8
0.6994 0
0.6997 6
0.6998 12
0.6998 19
0.7002 14
0.7002 16
0.7003 3
0.7006 23
0.7011 22
0.7012 11
0.7013 17
0.7014 1
0.7014 27
0.7016 18
0.7017 5
0.7018 15
0.7022 9
0.7022 29
0.7024 26
0.7025 2
0.7025 13
0.7025 24
0.7029 16
0.7031 7
0.7031 12
0.7033 14
0.7034 8
0.7038 3
0.7039 20
0.7043 19
0.7044 0
0.7044 10
0.7046 27
0.7048 6
0.7052 22
0.7054 21
0.7055 16
0.7055 17
0.7055 28
0.7056 9
0.7056 15
0.7057 29
0.7058 18
0.7059 23
0.706 1
0.7064 12
0.7064 14
0.7065 26
0.7067 24
0.707 2
0.707 11
0.7072 3
0.7075 8
0.7078 27
0.7079 13
0.7081 16
0.7084 7
0.7084 20
0.7087 5
0.7088 19
0.709 9
0.7092 29
0.7093 15
0.7093 22
0.7094 14
0.7095 0
0.7097 12
0.7098 17
0.7101 6
0.7101 18
0.7106 1
0.7107 3
0.7107 16
0.7107 26
0.7108 24
0.711 27
0.7113 23
0.7116 2
0.7116 8
0.712 21
0.7124 9
0.7125 14
0.7126 29
0.7127 11
0.713 12
0.7131 15
0.7131 20
0.7133 13
0.7133 19
0.7134 16
0.7135 22
0.7136 7
0.7141 17
0.7142 3
0.7142 27
0.7143 18
0.7146 0
0.7149 10
0.7149 24
0.7149 26
0.7151 1
0.7153 6
0.7156 8
0.7156 14
0.7157 5
0.7158 9
0.716 16
0.7161 29
0.7162 2
0.7163 12
0.7167 23
0.7168 15
0.7174 27
0.7176 3
0.7176 20
0.7177 22
0.7178 19
0.7184 11
0.7184 17
0.7185 18
0.7186 21
0.7187 13
0.7187 14
0.7187 16
0.7188 7
0.7191 24
0.7191 26
0.7192 9
0.7196 8
0.7196 12
0.7196 29
0.7197 0
0.7197 1
0.7203 15
0.7205 6
0.7205 28
0.7206 27
0.7208 2
0.721 3
0.7213 16
0.7218 14
0.7218 22
0.722 23
0.7222 20
0.7223 19
0.7226 9
0.7227 17
0.7227 18
0.7228 5
0.7229 12
0.7231 29
0.7233 24
0.7234 26
0.7237 8
0.7238 27
0.724 16
0.7241 7
0.7241 13
0.7241 15
0.7242 11
0.7245 1
0.7245 3
0.7248 0
0.7248 14
0.7252 21
0.7254 10
0.7255 2
0.7257 6
0.7259 9
0.7259 22
0.7262 12
0.7265 29
0.7266 16
0.7267 20
0.7268 19
0.7269 17
0.7269 18
0.727 27
0.7273 23
0.7274 24
0.7275 26
0.7278 8
0.7278 15
0.7279 3
0.7279 14
0.729 1
0.7293 9
0.7293 16
0.7294 7
0.7296 12
0.7296 13
0.7298 5
0.7299 0
0.7299 11
0.73 2
0.73 22
0.73 29
0.7302 27
0.7309 6
0.7309 14
0.7312 17
0.7312 18
0.7313 3
0.7313 19
0.7313 20
0.7315 15
0.7315 24
0.7317 26
0.7318 21
0.7319 8
0.7319 16
0.7325 23
0.7327 9
0.7328 12
0.7334 27
0.7334 29
0.7336 1
0.734 14
0.7341 22
0.7346 7
0.7346 16
0.7347 2
0.7348 3
0.7351 0
0.7352 13
0.7353 15
0.7355 18
0.7356 11
0.7356 17
0.7357 24
0.7358 10
0.7359 19
0.736 8
0.736 20
0.7361 9
0.7361 12
0.7361 26
0.7361 28
0.7362 6
0.7366 27
0.7367 5
0.7369 29
0.737 14
0.7372 16
0.7378 23
0.7381 1
0.7382 3
0.7382 22
0.7383 21
0.739 15
0.7392 2
0.7394 12
0.7395 9
0.7397 18
0.7398 7
0.7398 27
0.7399 16
0.7399 17
0.7399 24
0.7401 8
0.7401 14
0.7403 0
0.7403 29
0.7404 19
0.7404 26
0.7406 20
0.7408 13
0.7413 11
0.7414 6
0.7416 3
0.7422 22
0.7425 16
0.7426 1
0.7426 12
0.7427 15
0.7429 9
0.7429 27
0.7431 23
0.7432 14
0.7436 5
0.7438 2
0.7438 29
0.7439 18
0.744 24
0.7441 8
0.7441 17
0.7447 26
0.7449 19
0.745 7
0.745 21
0.7451 3
0.7452 16
0.7453 20
0.7454 0
0.7459 12
0.7461 10
0.7461 27
0.7462 22
0.7463 9
0.7463 14
0.7464 13
0.7465 15
0.7466 6
0.747 11
0.7471 1
0.7472 29
0.7478 16
0.7481 18
0.7481 24
0.7482 8
0.7483 2
0.7483 17
0.7484 23
0.7485 3
0.7488 26
0.7492 12
0.7493 27
0.7494 14
0.7494 19
0.7497 9
0.7498 20
0.7502 7
0.7502 15
0.7503 22
0.7504 16
0.7505 0
0.7505 5
0.7507 29
0.7512 28
0.7515 21
0.7517 1
0.7518 6
0.7519 3
0.752 13
0.7522 8
0.7523 18
0.7523 24
0.7524 12
0.7525 14
0.7525 27
0.7526 17
0.7527 11
0.7529 2
0.753 9
0.753 16
0.753 26
0.7537 23
0.7538 15
0.7539 19
0.7541 29
0.7544 20
0.7544 22
0.7553 7
0.7554 3
0.7555 0
0.7556 14
0.7557 12
0.7557 16
0.7557 27
0.7562 8
0.7563 1
0.7563 10
0.7564 9
0.7565 18
0.7565 24
0.7568 17
0.757 6
0.7572 26
0.7573 5
0.7574 2
0.7575 13
0.7576 15
0.7576 29
0.758 21
0.7583 16
0.7584 11
0.7584 19
0.7585 22
0.7587 14
0.7588 3
0.7589 12
0.7589 20
0.7589 23
0.7589 27
0.7598 9
0.7602 8
0.7605 7
0.7606 0
0.7606 24
0.7607 1
0.7607 18
0.7609 16
0.7609 17
0.761 29
0.7613 15
0.7613 26
0.7618 14
0.7619 2
0.7621 27
0.7622 3
0.7622 6
0.7622 12
0.7625 22
0.7628 19
0.7629 13
0.7631 9
0.7635 16
0.7635 20
0.764 11
0.7641 5
0.7641 23
0.7642 8
0.7644 21
0.7645 29
0.7647 24
0.7648 14
0.7648 18
0.765 15
0.7651 17
0.7653 1
0.7653 27
0.7654 12
0.7655 26
0.7657 0
0.7657 3
0.7657 7
0.7658 28
0.7661 16
0.7664 9
0.7664 10
0.7666 2
0.7666 22
0.7673 19
0.7674 6
0.7679 14
0.7679 29
0.7681 20
0.7682 8
0.7683 13
0.7685 27
0.7687 12
0.7687 16
0.7688 15
0.7689 24
0.769 18
0.7691 3
0.7693 17
0.7693 23
0.7696 11
0.7697 26
0.7698 9
0.7699 1
0.7707 22
0.7708 0
0.7709 5
0.7709 7
0.7709 14
0.771 21
0.7711 2
0.7713 16
0.7714 29
0.7717 19
0.7717 27
0.772 12
0.7723 8
0.7724 15
0.7725 3
0.7726 6
0.7726 20
0.773 24
0.7731 9
0.7732 18
0.7734 17
0.7737 13
0.7739 16
0.7739 26
0.774 14
0.7744 1
0.7745 23
0.7747 22
0.7748 29
0.7749 27
0.7752 11
0.7752 12
0.7758 2
0.7759 0
0.7759 3
0.7761 7
0.7761 15
0.7762 19
0.7764 8
0.7764 10
0.7765 9
0.7765 16
0.777 14
0.7771 24
0.7772 20
0.7774 18
0.7775 17
0.7775 21
0.7777 5
0.7778 6
0.778 26
0.778 27
0.7782 29
0.7784 12
0.7787 1
0.7787 22
0.7791 13
0.7791 16
0.7793 3
0.7798 9
0.7798 15
0.7798 23
0.7801 14
0.7803 2
0.7804 8
0.7807 19
0.7808 11
0.7808 28
0.781 0
0.7812 7
0.7812 24
0.7812 27
0.7816 18
0.7816 29
0.7817 12
0.7817 16
0.7817 20
0.7818 17
0.7822 26
0.7827 3
0.7828 22
0.7829 6
0.7832 1
0.7832 9
0.7832 14
0.7835 15
0.7839 21
0.7843 27
0.7844 8
0.7844 16
0.7845 5
0.7845 13
0.7849 2
0.785 12
0.785 29
0.7852 19
0.7852 23
0.7853 24
0.7857 18
0.7861 0
0.7861 17
0.7862 3
0.7862 14
0.7863 7
0.7864 11
0.7864 20
0.7865 10
0.7866 9
0.7866 26
0.7869 22
0.787 16
0.7871 15
0.7874 27
0.7877 1
0.788 6
0.7882 12
0.7884 8
0.7884 29
0.7893 14
0.7894 2
0.7894 24
0.7896 3
0.7897 16
0.7897 19
0.7899 9
0.7899 13
0.7899 18
0.7903 17
0.7903 21
0.7905 23
0.7906 27
0.7908 15
0.7908 26
0.7909 20
0.791 22
0.7911 0
0.7913 5
0.7914 7
0.7915 12
0.7918 29
0.7921 11
0.7922 1
0.7923 16
0.7924 8
0.7924 14
0.793 3
0.7931 6
0.7932 9
0.7935 24
0.7937 27
0.794 2
0.7941 18
0.7942 19
0.7945 15
0.7945 17
0.7948 12
0.7949 16
0.795 26
0.7951 22
0.7952 29
0.7953 13
0.7955 14
0.7955 20
0.7958 23
0.7958 28
0.7961 0
0.7964 8
0.7964 10
0.7965 3
0.7966 7
0.7966 9
0.7968 21
0.7969 1
0.7969 27
0.7975 16
0.7976 24
0.7978 11
0.7981 5
0.7981 12
0.7982 15
0.7984 6
0.7984 18
0.7985 2
0.7985 14
0.7986 29
0.7987 17
0.7987 19
0.7991 26
0.7992 22
0.7999 3
0.7999 20
0.8 9
0.8001 16
0.8001 27
0.8004 8
0.8007 13
0.8011 0
0.8011 23
0.8013 12
0.8014 1
0.8015 14
0.8017 24
0.8018 7
0.8019 15
0.802 29
0.8026 18
0.8027 16
0.8029 17
0.8031 2
0.8032 19
0.8033 3
0.8033 9
0.8033 21
0.8033 22
0.8033 26
0.8033 27
0.8034 11
0.8036 6
0.8044 8
0.8045 14
0.8045 20
0.8046 12
0.8049 5
0.8053 16
0.8054 29
0.8055 15
0.8058 24
0.8059 1
0.806 0
0.8061 13
0.8064 23
0.8065 27
0.8066 10
0.8067 3
0.8067 9
0.8068 18
0.8069 7
0.8071 17
0.8074 22
0.8074 26
0.8076 14
0.8077 2
0.8077 19
0.8078 12
0.8079 16
0.8084 8
0.8087 6
0.8088 29
0.809 11
0.809 20
0.8092 15
0.8097 21
0.8097 27
0.8098 24
0.8101 3
0.8101 9
0.8102 28
0.8103 1
0.8106 16
0.8107 14
0.8109 18
0.8111 0
0.8111 12
0.8113 17
0.8115 13
0.8115 22
0.8115 26
0.8117 5
0.8117 23
0.812 7
0.8122 2
0.8122 19
0.8122 29
0.8124 8
0.8128 15
0.8129 27
0.8132 16
0.8134 9
0.8135 3
0.8136 20
0.8137 14
0.8138 6
0.8139 24
0.8143 12
0.8146 11
0.8149 1
0.815 18
0.8155 17
0.8155 22
0.8156 29
0.8157 26
0.8158 16
0.8161 21
0.8161 27
0.8162 0
0.8165 8
0.8165 15
0.8166 10
0.8167 19
0.8168 2
0.8168 9
0.8168 14
0.8169 3
0.8169 13
0.8171 7
0.8171 23
0.8176 12
0.818 24
0.8181 20
0.8184 5
0.8184 16
0.8189 6
0.8191 18
0.8191 29
0.8192 1
0.8193 27
0.8195 22
0.8197 17
0.8198 26
0.8199 14
0.8202 9
0.8202 11
0.8202 15
0.8203 3
0.8206 8
0.8209 12
0.821 16
0.8212 19
0.8213 0
0.8213 2
0.8221 24
0.8222 7
0.8223 13
0.8224 23
0.8225 27
0.8226 20
0.8226 21
0.8226 29
0.8229 14
0.8232 18
0.8236 9
0.8236 16
0.8236 22
0.8237 1
0.8237 3
0.8238 15
0.8238 17
0.8239 26
0.824 6
0.8241 12
0.8246 8
0.8246 28
0.8251 5
0.8257 19
0.8257 27
0.8258 11
0.8259 2
0.826 14
0.826 29
0.8261 24
0.8263 16
0.8264 0
0.8265 10
0.827 9
0.8271 3
0.8272 20
0.8273 7
0.8273 18
0.8274 12
0.8275 15
0.8277 13
0.8277 22
0.8277 23
0.8279 17
0.828 26
0.8282 1
0.8286 8
0.8289 16
0.8289 27
0.829 21
0.8291 6
0.8291 14
0.8294 29
0.8301 19
0.8302 24
0.8303 9
0.8304 2
0.8304 3
0.8307 12
0.8312 15
0.8314 0
0.8314 11
0.8314 18
0.8315 16
0.8318 5
0.8318 20
0.8318 22
0.8321 14
0.8321 17
0.8321 27
0.8322 26
0.8325 7
0.8326 8
0.8327 1
0.8328 29
0.8329 23
0.8331 13
0.8336 9
0.8338 3
0.8339 12
0.8341 16
0.8342 6
0.8343 24
0.8345 19
0.8349 2
0.8349 15
0.8351 14
0.8353 27
0.8354 21
0.8355 18
0.8359 22
0.8362 29
0.8363 17
0.8364 10
0.8365 0
0.8365 20
0.8366 8
0.8366 26
0.8367 16
0.837 9
0.837 11
0.8372 3
0.8372 12
0.8373 1
0.8377 7
0.8381 14
0.8381 23
0.8383 24
0.8384 27
0.8385 5
0.8385 13
0.8386 15
0.8389 19
0.8392 28
0.8393 2
0.8393 16
0.8394 6
0.8397 18
0.8397 29
0.8399 22
0.8404 9
0.8404 12
0.8405 17
0.8406 3
0.8406 8
0.8408 26
0.841 20
0.8411 14
0.8415 0
0.8416 27
0.8418 21
0.8419 1
0.8419 16
0.8423 15
0.8423 24
0.8426 11
0.8429 7
0.8431 29
0.8433 19
0.8434 23
0.8437 12
0.8438 2
0.8438 9
0.8439 13
0.8439 18
0.844 3
0.844 22
0.8442 14
0.8445 16
0.8446 6
0.8446 8
0.8446 17
0.8448 27
0.845 26
0.8452 5
0.8455 20
0.8459 15
0.8463 10
0.8463 24
0.8465 0
0.8465 1
0.8465 29
0.8469 12
0.8471 16
0.8472 9
0.8473 14
0.8474 3
0.8477 19
0.848 7
0.848 18
0.848 27
0.8481 11
0.8481 22
0.8482 21
0.8483 2
0.8486 8
0.8487 17
0.8487 23
0.8491 26
0.8493 13
0.8495 15
0.8497 6
0.8497 16
0.8499 20
0.8499 29
0.8502 12
0.8503 14
0.8504 24
0.8506 9
0.8508 1
0.8508 3
0.8511 27
0.8514 0
0.8519 5
0.8521 18
0.8521 19
0.8521 22
0.8523 16
0.8526 8
0.8528 2
0.8529 17
0.8531 7
0.8532 15
0.8532 28
0.8533 14
0.8533 26
0.8533 29
0.8534 12
0.8536 11
0.8539 9
0.8539 23
0.8542 3
0.8543 27
0.8544 24
0.8545 20
0.8546 21
0.8547 6
0.8547 13
0.8549 16
0.8553 1
0.8561 22
0.8562 18
0.8563 10
0.8563 14
0.8564 0
0.8565 19
0.8566 8
0.8566 12
0.8567 29
0.8568 15
0.8571 17
0.8573 2
0.8573 9
0.8574 26
0.8574 27
0.8575 16
0.8576 3
0.8582 7
0.8584 24
0.8586 5
0.8589 20
0.8591 11
0.8591 23
0.8594 14
0.8597 1
0.8597 6
0.8599 12
0.8601 13
0.8601 16
0.8601 22
0.8602 29
0.8604 18
0.8605 15
0.8605 27
0.8607 8
0.8607 9
0.8609 3
0.8609 21
0.861 19
0.8613 17
0.8615 0
0.8615 26
0.8618 2
0.8624 14
0.8624 24
0.8627 16
0.8632 12
0.8633 7
0.8634 20
0.8636 29
0.8637 27
0.8641 9
0.8642 1
0.8642 15
0.8642 22
0.8643 3
0.8643 23
0.8646 18
0.8647 8
0.8647 11
0.8648 6
0.8653 16
0.8654 5
0.8655 13
0.8655 14
0.8655 17
0.8655 19
0.8657 26
0.866 10
0.8663 2
0.8664 12
0.8665 24
0.8666 0
0.8668 27
0.867 29
0.8672 21
0.8672 28
0.8675 9
0.8677 3
0.8678 15
0.8678 20
0.8679 16
0.8683 22
0.8685 7
0.8686 1
0.8686 14
0.8687 8
0.8687 18
0.8695 23
0.8697 12
0.8698 17
0.8698 26
0.8699 6
0.87 19
0.87 27
0.8703 11
0.8704 29
0.8705 16
0.8706 24
0.8707 2
0.8708 9
0.8709 13
0.8711 3
0.8715 15
0.8716 0
0.8716 14
0.8722 5
0.8723 20
0.8724 22
0.8727 8
0.8728 18
0.8729 12
0.8731 1
0.8731 16
0.8731 27
0.8736 7
0.8736 21
0.8738 29
0.8739 17
0.8739 26
0.8741 9
0.8745 3
0.8745 19
0.8746 24
0.8747 14
0.8747 23
0.875 6
0.8752 15
0.8753 2
0.8757 16
0.8759 10
0.8759 11
0.8762 12
0.8763 13
0.8763 27
0.8764 22
0.8766 0
0.8767 8
0.8768 18
0.8768 20
0.8772 29
0.8775 1
0.8775 9
0.8777 14
0.8779 3
0.8779 26
0.878 17
0.8783 16
0.8786 24
0.8787 7
0.8788 15
0.8789 19
0.879 5
0.8794 12
0.8794 27
0.8797 2
0.8799 21
0.8799 23
0.8801 6
0.8804 22
0.8806 29
0.8807 8
0.8808 9
0.8808 14
0.8808 18
0.8809 16
0.8813 3
0.8814 20
0.8815 11
0.8815 28
0.8816 0
0.8817 13
0.882 1
0.8821 26
0.8822 17
0.8824 15
0.8825 27
0.8826 12
0.8826 24
0.8833 19
0.8835 16
0.8837 7
0.8839 14
0.8841 9
0.8841 29
0.8842 2
0.8844 22
0.8847 3
0.8847 8
0.8849 18
0.8851 23
0.8852 6
0.8856 10
0.8857 27
0.8858 5
0.8859 12
0.886 20
0.8861 15
0.8861 16
0.8862 21
0.8864 26
0.8865 1
0.8865 17
0.8866 0
0.8866 24
0.887 11
0.887 14
0.8871 13
0.8874 9
0.8874 29
0.8877 19
0.888 3
0.8884 22
0.8886 2
0.8887 8
0.8887 16
0.8888 7
0.8888 27
0.889 18
0.8891 12
0.8897 15
0.89 14
0.8903 6
0.8903 23
0.8904 20
0.8906 17
0.8906 24
0.8906 26
0.8907 9
0.8908 29
0.8909 1
0.8913 16
0.8914 3
0.8916 0
0.8919 27
0.8921 19
0.8923 12
0.8924 22
0.8925 11
0.8925 13
0.8925 21
0.8926 5
0.8927 8
0.893 14
0.8931 2
0.8931 18
0.8934 15
0.8939 7
0.8939 16
0.894 9
0.8941 29
0.8946 17
0.8946 24
0.8947 26
0.8948 3
0.8949 20
0.8951 10
0.8951 27
0.8953 1
0.8953 6
0.8954 23
0.8955 12
0.8955 28
0.8961 14
0.8963 22
0.8965 0
0.8965 16
0.8965 19
0.8967 8
0.8971 15
0.8972 18
0.8973 9
0.8974 2
0.8975 29
0.8978 13
0.8981 11
0.8982 3
0.8983 27
0.8986 24
0.8987 17
0.8988 12
0.8988 26
0.8989 21
0.899 7
0.8991 14
0.8991 16
0.8993 5
0.8993 20
0.8998 1
0.9002 22
0.9003 6
0.9005 23
0.9006 9
0.9007 8
0.9007 15
0.9009 19
0.9009 29
0.9013 18
0.9014 0
0.9015 27
0.9016 3
0.9018 16
0.9019 2
0.902 12
0.9021 14
0.9027 24
0.9028 17
0.903 26
0.9031 13
0.9037 11
0.9039 20
0.904 9
0.9041 7
0.9043 22
0.9044 15
0.9044 16
0.9044 29
0.9045 1
0.9047 10
0.9047 27
0.9048 8
0.905 3
0.9051 14
0.9052 12
0.9053 19
0.9053 21
0.9054 6
0.9055 18
0.9057 23
0.906 5
0.9063 2
0.9064 0
0.9067 24
0.9069 17
0.907 16
0.907 26
0.9073 9
0.9077 29
0.9079 27
0.9081 15
0.9082 14
0.9083 20
0.9084 3
0.9084 12
0.9084 13
0.9084 22
0.9088 8
0.909 1
0.9093 7
0.9093 11
0.9095 28
0.9096 16
0.9096 18
0.9097 19
0.9105 6
0.9106 9
0.9107 2
0.9107 24
0.911 17
0.911 23
0.9111 26
0.9111 27
0.9111 29
0.9112 14
0.9114 0
0.9116 21
0.9117 12
0.9117 15
0.9118 3
0.9122 16
0.9124 22
0.9127 5
0.9128 8
0.9128 20
0.9135 1
0.9136 13
0.9137 18
0.914 9
0.9141 19
0.9143 14
0.9143 27
0.9144 7
0.9144 10
0.9144 29
0.9148 16
0.9148 24
0.9149 11
0.9149 12
0.9152 2
0.9152 3
0.9152 17
0.9152 26
0.9153 15
0.9156 6
0.9163 23
0.9164 0
0.9164 22
0.9168 8
0.9171 20
0.9174 9
0.9174 14
0.9174 16
0.9174 27
0.9177 18
0.9178 29
0.9179 1
0.9179 21
0.9181 12
0.9185 19
0.9186 3
0.9188 13
0.9188 24
0.9189 15
0.9192 26
0.9193 17
0.9194 5
0.9195 7
0.9196 2
0.92 16
0.9204 22
0.9205 11
0.9205 14
0.9206 6
0.9206 27
0.9207 8
0.9207 9
0.9212 29
0.9213 0
0.9213 12
0.9215 23
0.9216 20
0.9218 18
0.922 3
0.9223 1
0.9225 15
0.9226 16
0.9228 24
0.9229 19
0.9232 28
0.9233 26
0.9234 17
0.9235 14
0.9237 27
0.9239 10
0.924 13
0.9241 2
0.9241 9
0.9242 21
0.9244 22
0.9246 7
0.9246 12
0.9247 8
0.9247 29
0.9252 16
0.9254 3
0.9257 6
0.9259 18
0.926 5
0.926 11
0.926 20
0.9261 15
0.9262 0
0.9265 14
0.9266 1
0.9267 23
0.9268 24
0.9268 27
0.9273 19
0.9273 26
0.9274 9
0.9276 17
0.9278 12
0.9278 16
0.9281 29
0.9284 22
0.9285 2
0.9287 8
0.9288 3
0.9292 13
0.9295 14
0.9297 7
0.9298 15
0.93 18
0.93 27
0.9304 16
0.9305 20
0.9305 21
0.9307 6
0.9307 9
0.9309 24
0.9311 0
0.9311 1
0.9311 12
0.9315 11
0.9315 26
0.9315 29
0.9317 19
0.9318 17
0.9319 23
0.9322 3
0.9324 22
0.9325 14
0.9326 5
0.9327 8
0.933 2
0.933 16
0.9331 27
0.9334 10
0.9334 15
0.934 9
0.934 18
0.9343 12
0.9344 13
0.9347 7
0.9349 20
0.9349 24
0.9349 29
0.9355 1
0.9355 14
0.9356 3
0.9356 16
0.9356 26
0.9357 6
0.936 17
0.9361 0
0.9361 19
0.9363 27
0.9364 22
0.9367 8
0.9367 21
0.9367 28
0.937 11
0.937 15
0.9371 23
0.9373 9
0.9374 2
0.9375 12
0.938 18
0.9382 16
0.9382 29
0.9385 14
0.9389 24
0.939 3
0.9392 5
0.9393 20
0.9395 27
0.9396 13
0.9397 26
0.9398 7
0.9399 1
0.9402 17
0.9404 22
0.9405 19
0.9406 15
0.9407 6
0.9407 8
0.9407 9
0.9407 12
0.9408 16
0.9411 0
0.9415 14
0.9416 29
0.9419 2
0.942 18
0.9423 23
0.9424 3
0.9426 11
0.9426 27
0.9429 10
0.9429 21
0.9429 24
0.9434 16
0.9437 20
0.9438 26
0.944 12
0.9441 9
0.9442 15
0.9443 1
0.9443 17
0.9445 22
0.9446 14
0.9447 8
0.9449 7
0.9449 13
0.9449 19
0.945 29
0.9457 3
0.9457 6
0.9458 27
0.9459 5
0.946 16
0.9461 0
0.9461 18
0.9463 2
0.947 24
0.9471 12
0.9474 9
0.9475 23
0.9477 14
0.9478 15
0.9479 26
0.9482 11
0.9482 20
0.9484 17
0.9484 29
0.9486 16
0.9486 22
0.9487 8
0.9488 1
0.9489 27
0.9491 3
0.9491 21
0.9493 19
0.95 7
0.9501 28
0.9502 13
0.9502 18
0.9504 12
0.9507 2
0.9507 9
0.9507 14
0.9508 6
0.9511 0
0.9511 24
0.9512 16
0.9514 15
0.9518 29
0.952 27
0.9521 26
0.9525 3
0.9525 5
0.9525 10
0.9525 17
0.9527 8
0.9527 20
0.9527 22
0.9527 23
0.9533 1
0.9536 12
0.9537 19
0.9538 11
0.9538 14
0.9538 16
0.954 9
0.9543 18
0.955 2
0.9551 7
0.9551 15
0.9551 24
0.9551 27
0.9552 29
0.9554 21
0.9556 13
0.9558 6
0.9559 3
0.956 0
0.9562 26
0.9564 16
0.9566 17
0.9567 8
0.9567 22
0.9568 12
0.9568 14
0.9571 20
0.9573 9
0.9576 1
0.9578 23
0.958 19
0.9582 27
0.9584 18
0.9586 29
0.9587 15
0.959 16
0.9591 5
0.9591 24
0.9593 3
0.9594 11
0.9595 2
0.9598 14
0.96 12
0.9601 7
0.9604 26
0.9606 8
0.9606 9
0.9607 17
0.9608 6
0.9608 22
0.961 0
0.961 13
0.9613 27
0.9616 16
0.9616 20
0.9617 21
0.962 29
0.9621 1
0.9621 10
0.9623 15
0.9623 19
0.9625 18
0.9627 3
0.9628 14
0.9629 23
0.9632 12
0.9632 24
0.9633 28
0.9638 2
0.9639 9
0.9642 16
0.9644 26
0.9645 27
0.9646 8
0.9648 17
0.9648 22
0.9649 11
0.9651 7
0.9654 29
0.9657 5
0.9658 6
0.9658 14
0.9659 0
0.966 15
0.966 20
0.9661 3
0.9664 13
0.9665 1
0.9665 12
0.9666 18
0.9666 19
0.9668 16
0.9672 9
0.9673 24
0.9676 27
0.9679 21
0.9681 23
0.9682 2
0.9684 26
0.9686 8
0.9688 14
0.9688 22
0.9688 29
0.9689 17
0.9694 16
0.9695 3
0.9696 15
0.9698 12
0.9702 7
0.9704 11
0.9705 9
0.9705 20
0.9707 18
0.9708 0
0.9708 6
0.9708 27
0.9709 19
0.971 1
0.9713 24
0.9717 10
0.9717 13
0.9718 14
0.972 16
0.9722 29
0.9724 5
0.9724 26
0.9726 2
0.9726 8
0.9728 3
0.9728 22
0.9729 17
0.973 12
0.9732 15
0.9732 23
0.9738 9
0.9739 27
0.9741 21
0.9746 16
0.9747 18
0.9748 14
0.9749 20
0.9752 19
0.9753 7
0.9753 24
0.9755 1
0.9756 0
0.9756 29
0.9757 6
0.9759 11
0.9761 3
0.9762 12
0.9763 28
0.9765 26
0.9766 8
0.9768 15
0.9768 22
0.977 2
0.977 13
0.977 17
0.977 27
0.9771 9
0.9772 16
0.9778 14
0.9783 23
0.9787 18
0.979 29
0.9791 5
0.9793 20
0.9794 24
0.9795 3
0.9795 12
0.9795 19
0.9798 16
0.9801 1
0.9802 27
0.9804 21
0.9805 0
0.9805 7
0.9805 9
0.9805 15
0.9806 8
0.9807 6
0.9807 26
0.9808 14
0.9808 22
0.9811 17
0.9813 10
0.9814 2
0.9814 11
0.9823 13
0.9823 29
0.9824 16
0.9827 12
0.9827 18
0.9828 3
0.9833 27
0.9834 23
0.9835 24
0.9836 20
0.9838 9
0.9838 14
0.9838 19
0.9841 15
0.9844 1
0.9846 8
0.9847 26
0.9848 22
0.985 16
0.9852 17
0.9855 0
0.9856 7
0.9857 2
0.9857 6
0.9857 29
0.9858 5
0.986 12
0.9861 3
0.9864 27
0.9866 21
0.9867 18
0.9869 11
0.9869 14
0.9871 9
0.9875 13
0.9875 24
0.9876 16
0.9877 15
0.988 20
0.9881 19
0.9884 23
0.9886 8
0.9887 1
0.9887 26
0.9888 22
0.9891 28
0.9891 29
0.9892 12
0.9893 17
0.9895 3
0.9896 27
0.9899 14
0.9901 2
0.9902 16
0.9904 9
0.9905 0
0.9906 7
0.9908 6
0.9908 10
0.9908 18
0.9913 15
0.9915 24
0.9924 19
0.9924 20
0.9925 11
0.9925 12
0.9925 29
0.9926 5
0.9926 8
0.9927 26
0.9928 13
0.9928 16
0.9928 21
0.9928 22
0.9928 27
0.9929 3
0.993 14
0.9931 1
0.9934 17
0.9934 23
0.9937 9
0.9944 2
0.9949 15
0.9949 18
0.9954 0
0.9954 16
0.9956 7
0.9956 24
0.9958 6
0.9958 12
0.9959 29
0.996 14
0.996 27
0.9963 3
0.9966 8
0.9967 19
0.9968 20
0.9968 22
0.9968 26
0.997 9
0.9975 1
0.9975 17
0.998 13
0.998 16
0.9981 11
0.9985 23
0.9986 15
0.9988 2
0.9989 18
0.9989 21
0.999 12
0.999 14
0.9991 27
0.9993 5
0.9993 29
0.9996 24
0.9997 3
