0.2163 0
0.2163 1
0.2163 2
0.2163 3
0.2163 4
0.2163 5
0.2163 6
0.2163 7
0.2163 8
0.2163 9
0.2217 9
0.2221 0
0.2222 3
0.2222 7
0.2226 1
0.2227 2
0.2231 5
0.2232 6
0.2232 8
0.2243 4
0.2262 9
0.227 0
0.2272 3
0.2272 7
0.228 1
0.2283 2
0.2292 5
0.2294 6
0.2294 8
0.2304 9
0.2314 0
0.2319 3
0.2319 7
0.2323 4
0.2329 1
0.233 16
0.2336 2
0.2344 9
0.2349 5
0.2352 6
0.2352 8
0.2355 0
0.2362 3
0.2363 7
0.2375 1
0.2377 16
0.2382 9
0.2386 2
0.2393 0
0.2403 4
0.2403 5
0.2404 3
0.2407 7
0.2408 6
0.2408 8
0.2419 9
0.2419 16
0.242 1
0.243 0
0.243 13
0.2433 2
0.2444 3
0.2448 7
0.2451 23
0.2455 5
0.2456 9
0.2457 16
0.2461 6
0.2461 8
0.2463 27
0.2464 1
0.2465 0
0.248 2
0.2483 4
0.2484 3
0.2488 7
0.2492 9
0.2493 16
0.2499 0
0.2499 13
0.2504 22
0.2506 5
0.2507 1
0.2513 6
0.2513 8
0.2514 12
0.252 23
0.2522 3
0.2524 27
0.2525 2
0.2526 7
0.2526 9
0.2527 16
0.2533 0
0.2548 1
0.2553 5
0.2555 13
0.256 3
0.256 9
0.256 16
0.2563 4
0.2564 6
0.2564 8
0.2565 7
0.2566 0
0.257 2
0.257 22
0.2575 12
0.2575 27
0.258 23
0.2589 1
0.2592 16
0.2593 9
0.2597 3
0.2598 5
0.2599 0
0.2602 7
0.2603 26
0.2604 13
0.2614 2
0.2614 6
0.2614 8
0.262 27
0.2623 16
0.2626 9
0.2627 12
0.2628 22
0.2629 1
0.2631 0
0.2634 3
0.2635 23
0.2638 7
0.2641 5
0.2643 4
0.2647 25
0.2649 13
0.2653 16
0.2657 2
0.2658 9
0.2662 0
0.2663 6
0.2663 8
0.2663 27
0.2669 1
0.267 26
0.2671 3
0.2674 7
0.2674 12
0.2681 22
0.2682 16
0.2683 5
0.2685 29
0.2686 23
0.2688 19
0.2689 9
0.2692 13
0.2693 0
0.27 2
0.2702 18
0.2702 27
0.2708 1
0.2708 3
0.271 7
0.2711 16
0.2712 6
0.2713 8
0.2716 12
0.272 9
0.2723 4
0.2724 0
0.2724 5
0.2727 26
0.2728 22
0.2733 13
0.2735 23
0.2739 27
0.274 16
0.2741 2
0.2744 3
0.2744 7
0.2747 1
0.2751 9
0.2752 25
0.2754 0
0.2757 12
0.2759 17
0.276 6
0.2762 8
0.2764 5
0.2768 16
0.277 19
0.2772 13
0.2773 22
0.2775 27
0.2778 7
0.2778 26
0.278 3
0.2782 2
0.2782 9
0.2783 23
0.2784 0
0.2786 1
0.2787 29
0.2796 12
0.2796 16
0.2798 18
0.2801 21
0.2803 4
0.2803 5
0.2806 6
0.281 8
0.2811 13
0.2811 27
0.2812 7
0.2812 9
0.2814 0
0.2815 3
0.2815 22
0.2822 2
0.2824 1
0.2824 16
0.2826 26
0.2829 23
0.2834 12
0.2834 17
0.2837 19
0.284 25
0.2842 5
0.2842 9
0.2842 11
0.2844 0
0.2846 7
0.2846 15
0.2846 27
0.2847 14
0.2849 13
0.285 3
0.2851 6
0.2851 16
0.2855 22
0.2855 29
0.2857 8
0.2861 1
0.2861 2
0.287 12
0.2871 9
0.2872 18
0.2872 26
0.2874 0
0.2874 4
0.2874 23
0.2878 7
0.2878 16
0.2879 27
0.288 5
0.2883 3
0.2885 21
0.2886 13
0.2893 6
0.2893 19
0.2893 22
0.2897 17
0.2898 1
0.29 2
0.29 9
0.2902 8
0.2904 0
0.2905 12
0.2905 16
0.291 7
0.2911 27
0.2913 29
0.2916 3
0.2916 15
0.2916 26
0.2917 5
0.2918 14
0.2918 23
0.292 25
0.2922 13
0.2929 9
0.2929 11
0.293 22
0.2932 16
0.2933 0
0.2933 6
0.2935 1
0.2935 18
0.2939 2
0.294 4
0.294 12
0.2942 7
0.2942 27
0.2943 20
0.2944 19
0.2945 8
0.2948 3
0.2951 21
0.2954 5
0.2955 17
0.2957 9
0.2957 13
0.2958 16
0.2958 26
0.2961 23
0.2962 0
0.2964 29
0.2965 22
0.2968 15
0.297 1
0.2972 6
0.2972 14
0.2972 27
0.2973 7
0.2974 12
0.2975 2
0.298 3
0.2984 16
0.2985 9
0.2987 8
0.299 5
0.2991 0
0.2991 18
0.2991 19
0.2992 13
0.2994 25
0.2995 11
0.2998 26
0.3 22
0.3002 27
0.3003 23
0.3007 12
0.3007 21
0.3008 17
0.3009 7
0.301 16
0.3012 29
0.3014 1
0.3014 15
0.3018 9
0.302 14
0.3022 24
0.3024 3
0.3026 0
0.3028 13
0.3032 27
0.3035 22
0.3036 16
0.3037 19
0.3039 26
0.3041 12
0.3044 2
0.3044 6
0.3045 18
0.3048 23
0.3052 7
0.3052 9
0.3056 11
0.3059 17
0.3061 15
0.3062 0
0.3062 5
0.3062 16
0.3062 27
0.3062 29
0.3063 21
0.3065 13
0.3068 14
0.3069 3
0.307 22
0.3074 1
0.3075 12
0.3076 25
0.3078 20
0.3079 26
0.3081 19
0.3085 9
0.3088 16
0.3092 27
0.3094 23
0.3096 7
0.3097 18
0.3099 0
0.3103 13
0.3104 22
0.3104 24
0.3106 15
0.3109 12
0.3109 17
0.3109 29
0.3114 3
0.3114 21
0.3115 11
0.3115 16
0.3116 14
0.3118 26
0.3119 9
0.3122 27
0.3123 6
0.3125 19
0.3129 2
0.3132 1
0.3133 5
0.3136 0
0.3138 22
0.3141 16
0.3142 7
0.3142 13
0.3142 23
0.3143 12
0.3149 18
0.315 15
0.3152 27
0.3153 9
0.3156 29
0.3157 17
0.3157 26
0.3158 3
0.3163 14
0.3165 21
0.3167 16
0.3168 19
0.3171 11
0.3172 22
0.3173 0
0.3173 24
0.3176 25
0.3177 12
0.3181 27
0.3182 13
0.3188 9
0.3191 7
0.3192 1
0.3192 23
0.3193 15
0.3194 16
0.3196 26
0.3197 6
0.3203 3
0.3203 18
0.3204 5
0.3205 17
0.3205 29
0.3206 22
0.3208 14
0.3209 8
0.3211 12
0.3211 27
0.3212 0
0.3212 19
0.3217 21
0.322 16
0.3222 9
0.3222 13
0.3225 11
0.3229 2
0.3234 15
0.3235 26
0.3237 24
0.3238 7
0.324 22
0.3241 27
0.3243 23
0.3246 12
0.3247 16
0.3249 3
0.3251 0
0.3251 14
0.3253 1
0.3253 17
0.3253 29
0.3254 19
0.3255 18
0.3256 9
0.3264 13
0.3265 6
0.327 21
0.3271 27
0.3273 16
0.3274 22
0.3275 5
0.3275 26
0.3276 15
0.3278 11
0.328 12
0.3286 7
0.329 0
0.329 9
0.3294 3
0.3294 14
0.3296 23
0.3297 19
0.3298 24
0.3299 16
0.3301 17
0.3301 25
0.3301 27
0.3301 29
0.3305 13
0.3305 18
0.3308 22
0.3313 1
0.3314 12
0.3315 26
0.3318 15
0.3323 21
0.3325 9
0.3326 16
0.333 6
0.333 11
0.3331 0
0.3331 27
0.3335 7
0.3337 14
0.3339 3
0.334 19
0.3342 22
0.3346 5
0.3348 13
0.3349 12
0.3349 17
0.3351 29
0.3353 16
0.3354 23
0.3355 2
0.3356 18
0.3356 26
0.3358 24
0.336 15
0.3361 9
0.3361 27
0.3365 8
0.337 0
0.3373 1
0.3377 21
0.3377 22
0.3379 14
0.338 16
0.3381 19
0.3382 11
0.3384 3
0.3384 7
0.3384 12
0.3391 13
0.3391 27
0.3393 6
0.3395 9
0.3396 17
0.3396 26
0.3401 15
0.3401 29
0.3407 16
0.3408 18
0.3411 0
0.3411 22
0.3411 23
0.3416 24
0.3418 5
0.3419 12
0.342 14
0.3421 27
0.3423 19
0.343 3
0.3431 9
0.3431 21
0.3433 7
0.3433 11
0.3434 1
0.3434 13
0.3434 16
0.3437 26
0.3443 15
0.3443 17
0.3444 22
0.345 29
0.3451 27
0.3452 0
0.3453 12
0.3455 6
0.3459 18
0.3461 14
0.3461 16
0.3466 9
0.3466 19
0.3472 23
0.3473 24
0.3475 3
0.3477 13
0.3478 22
0.3478 26
0.3481 27
0.3483 7
0.3484 11
0.3485 15
0.3485 21
0.3488 16
0.3489 12
0.3489 17
0.3491 5
0.3495 0
0.3495 1
0.3497 25
0.35 29
0.3501 9
0.3502 8
0.3502 14
0.351 18
0.351 19
0.3511 27
0.3512 22
0.3514 2
0.3515 6
0.3515 16
0.3519 3
0.3519 26
0.3521 13
0.3524 12
0.3525 15
0.3529 7
0.353 24
0.3534 11
0.3535 17
0.3535 23
0.3536 9
0.3537 0
0.3539 21
0.3541 27
0.3542 14
0.3542 16
0.3546 22
0.3551 29
0.3552 19
0.3555 1
0.356 12
0.3561 18
0.3561 26
0.3564 3
0.3564 5
0.3565 15
0.3566 13
0.3569 16
0.3571 9
0.3571 27
0.3574 6
0.3577 7
0.3579 0
0.358 22
0.3581 17
0.3583 14
0.3584 11
0.3586 24
0.3593 21
0.3595 19
0.3596 12
0.3596 16
0.36 23
0.36 29
0.3601 27
0.3603 26
0.3605 15
0.3607 9
0.3608 3
0.361 13
0.3611 18
0.3614 1
0.3614 22
0.3622 0
0.3623 16
0.3625 14
0.3627 7
0.3627 8
0.3628 17
0.3631 12
0.3631 27
0.3633 6
0.3633 11
0.3638 5
0.3638 19
0.3642 9
0.3642 24
0.3644 15
0.3644 26
0.3647 21
0.3648 22
0.365 16
0.3651 3
0.3651 29
0.3654 13
0.3661 18
0.3661 27
0.3665 0
0.3665 14
0.3666 12
0.367 23
0.3673 1
0.3675 7
0.3675 17
0.3677 9
0.3677 16
0.3679 10
0.3682 11
0.3682 19
0.3682 22
0.3684 15
0.3685 26
0.369 2
0.3691 6
0.3691 27
0.3693 3
0.3698 21
0.3698 24
0.37 13
0.3702 12
0.3702 29
0.3704 16
0.3705 14
0.3709 0
0.3712 5
0.3712 9
0.3712 18
0.3716 22
0.3721 27
0.3722 17
0.3724 7
0.3724 19
0.3725 15
0.3725 26
0.3731 11
0.3731 16
0.3732 1
0.3735 3
0.3736 23
0.3737 12
0.3744 8
0.3745 14
0.3746 13
0.3747 9
0.3748 6
0.3749 21
0.375 22
0.3751 27
0.3752 0
0.3752 29
0.3754 24
0.3757 16
0.3762 18
0.3764 15
0.3766 26
0.3767 19
0.3769 17
0.377 7
0.3773 12
0.3778 3
0.378 11
0.3781 27
0.3782 9
0.3784 16
0.3784 22
0.3785 14
0.3786 5
0.3791 1
0.3792 13
0.3796 0
0.38 21
0.3802 29
0.3803 15
0.3804 6
0.3806 23
0.3808 12
0.3808 26
0.381 24
0.3811 16
0.3811 18
0.3811 19
0.3811 27
0.3816 17
0.3817 7
0.3817 9
0.3818 22
0.382 3
0.3826 14
0.3828 11
0.3832 2
0.3838 13
0.3838 16
0.384 0
0.3841 27
0.3843 15
0.3844 12
0.3849 1
0.385 26
0.3852 21
0.3852 22
0.3853 9
0.3853 19
0.3853 29
0.3856 8
0.3859 5
0.3861 6
0.3862 18
0.3863 3
0.3863 17
0.3865 7
0.3865 16
0.3866 14
0.3866 24
0.3871 27
0.3874 23
0.3876 11
0.3879 12
0.3882 0
0.3882 15
0.3883 13
0.3886 22
0.3888 9
0.3892 16
0.3892 26
0.3895 19
0.3901 27
0.3904 29
0.3905 14
0.3905 21
0.3906 3
0.3907 1
0.391 17
0.3912 7
0.3912 18
0.3915 12
0.3917 6
0.3919 16
0.3919 22
0.3922 9
0.3922 15
0.3922 24
0.3924 10
0.3924 11
0.3926 0
0.393 13
0.3931 27
0.3932 5
0.3933 26
0.3937 19
0.3944 14
0.3945 23
0.3946 16
0.3947 3
0.395 12
0.3953 22
0.3955 21
0.3955 29
0.3957 17
0.3958 9
0.396 7
0.3961 18
0.3961 27
0.3962 15
0.3965 1
0.3966 8
0.3967 2
0.397 0
0.3972 6
0.3972 11
0.3973 16
0.3974 26
0.3976 13
0.3978 24
0.3979 19
0.3983 14
0.3985 12
0.3987 3
0.3987 22
0.399 27
0.3992 9
0.3999 16
0.4001 15
0.4004 5
0.4004 17
0.4006 7
0.4006 21
0.4008 29
0.401 18
0.4013 0
0.4013 23
0.4015 26
0.402 11
0.402 19
0.402 22
0.4021 12
0.4021 27
0.4022 13
0.4023 14
0.4024 1
0.4026 16
0.4027 6
0.4027 9
0.4028 3
0.4033 24
0.404 15
0.4051 17
0.4051 27
0.4052 7
0.4053 16
0.4054 22
0.4057 0
0.4057 12
0.4057 26
0.4058 21
0.406 18
0.406 29
0.4062 9
0.4062 19
0.4063 14
0.4067 11
0.4068 13
0.407 3
0.4073 8
0.4076 5
0.4079 15
0.408 16
0.408 27
0.4081 6
0.4082 1
0.4085 23
0.4087 22
0.4088 24
0.4092 12
0.4096 9
0.4098 7
0.4098 17
0.4099 26
0.41 0
0.4102 14
0.4104 2
0.4105 19
0.4107 16
0.4109 18
0.411 21
0.411 27
0.411 29
0.4111 3
0.4112 13
0.4115 11
0.4118 15
0.412 22
0.4127 12
0.413 9
0.4134 16
0.4135 6
0.4139 1
0.414 27
0.4141 14
0.4141 26
0.4143 0
0.4143 24
0.4145 7
0.4145 17
0.4146 19
0.4148 5
0.4151 23
0.4153 3
0.4154 22
0.4157 13
0.4158 15
0.4158 18
0.4161 16
0.4161 29
0.4162 12
0.4162 21
0.4163 10
0.4163 11
0.4165 9
0.4169 27
0.4177 8
0.418 14
0.4181 26
0.4186 0
0.4188 16
0.4188 19
0.4188 22
0.419 6
0.4192 7
0.4192 17
0.4194 3
0.4196 1
0.4197 15
0.4198 12
0.4198 27
0.4199 24
0.42 9
0.4203 13
0.4207 18
0.421 11
0.4211 21
0.4212 29
0.4214 16
0.4219 14
0.422 5
0.4221 22
0.4222 26
0.4223 23
0.4224 2
0.4228 27
0.4229 0
0.423 19
0.4233 12
0.4235 3
0.4235 9
0.4236 15
0.4238 7
0.4239 17
0.424 16
0.4245 6
0.4248 13
0.4253 1
0.4254 22
0.4254 24
0.4255 18
0.4257 11
0.4258 14
0.4258 27
0.4261 21
0.4261 29
0.4263 26
0.4266 16
0.4268 12
0.427 9
0.4271 19
0.4272 0
0.4275 15
0.4276 3
0.428 8
0.4284 7
0.4285 17
0.4287 22
0.4288 27
0.429 23
0.4292 5
0.4293 16
0.4294 13
0.4297 14
0.4299 6
0.4303 11
0.4303 12
0.4304 9
0.4304 18
0.4304 26
0.4309 24
0.431 1
0.431 29
0.4311 21
0.4313 15
0.4313 19
0.4314 0
0.4317 3
0.4318 27
0.4319 16
0.4321 22
0.4329 7
0.4331 17
0.4337 14
0.4338 9
0.4338 12
0.4339 13
0.4345 16
0.4346 26
0.4348 27
0.435 11
0.4352 15
0.4353 6
0.4353 18
0.4355 22
0.4356 19
0.4358 0
0.4358 2
0.4358 3
0.436 29
0.4361 21
0.4361 23
0.4363 24
0.4364 5
0.4366 1
0.4371 16
0.4373 9
0.4373 12
0.4376 7
0.4377 14
0.4377 17
0.4377 27
0.4378 10
0.4381 8
0.4383 13
0.4386 26
0.4388 22
0.4391 15
0.4397 3
0.4397 11
0.4398 16
0.4398 19
0.44 0
0.4401 18
0.4406 6
0.4406 27
0.4407 9
0.4408 12
0.4409 21
0.4409 29
0.4415 14
0.4417 24
0.4421 1
0.4421 22
0.4422 7
0.4423 17
0.4424 16
0.4426 26
0.4427 13
0.4428 23
0.443 15
0.4436 3
0.4436 27
0.4437 5
0.444 19
0.4441 9
0.4443 0
0.4443 12
0.4444 11
0.445 16
0.445 18
0.4454 14
0.4454 22
0.4458 21
0.4458 29
0.4459 6
0.4465 27
0.4466 26
0.4468 7
0.4469 2
0.4469 15
0.447 17
0.4471 13
0.4473 24
0.4476 1
0.4476 9
0.4477 3
0.4477 16
0.4479 12
0.448 8
0.448 20
0.4481 19
0.4485 0
0.4487 22
0.449 11
0.4492 14
0.4494 23
0.4494 27
0.4499 18
0.4503 16
0.4505 21
0.4505 26
0.4506 15
0.4506 29
0.451 9
0.4511 5
0.4512 6
0.4512 7
0.4515 12
0.4517 13
0.4517 17
0.4518 3
0.452 22
0.4521 19
0.4523 27
0.4527 0
0.4528 1
0.4528 24
0.4529 16
0.4531 14
0.4536 11
0.4543 15
0.4544 9
0.4545 26
0.4547 18
0.455 12
0.4552 27
0.4553 21
0.4553 29
0.4554 22
0.4555 16
0.4557 7
0.4558 3
0.4562 19
0.4562 23
0.4563 13
0.4564 17
0.4566 6
0.4567 2
0.4569 10
0.457 0
0.4571 14
0.4577 8
0.4578 9
0.4581 1
0.4581 15
0.4581 16
0.4581 27
0.4582 11
0.4582 24
0.4584 5
0.4584 26
0.4585 12
0.4587 22
0.4595 18
0.4597 3
0.4599 21
0.4601 7
0.4601 29
0.4602 19
0.4607 13
0.4607 16
0.461 14
0.461 17
0.461 27
0.4611 0
0.4611 9
0.4619 6
0.4619 12
0.4619 15
0.4619 22
0.4623 26
0.4626 23
0.4628 11
0.4633 16
0.4634 1
0.4635 24
0.4637 3
0.4639 27
0.4643 19
0.4644 18
0.4645 9
0.4646 7
0.4647 21
0.4649 14
0.465 29
0.4652 22
0.4653 13
0.4654 0
0.4654 12
0.4656 5
0.4657 2
0.4657 17
0.4658 15
0.4659 16
0.4663 26
0.4668 27
0.4672 6
0.4672 8
0.4674 11
0.4677 3
0.4679 9
0.4683 19
0.4685 16
0.4685 22
0.4687 1
0.4687 14
0.4688 23
0.4688 24
0.4689 12
0.4691 7
0.4692 18
0.4695 0
0.4695 20
0.4695 21
0.4696 15
0.4697 13
0.4697 27
0.4698 29
0.4702 26
0.4703 17
0.4711 16
0.4712 9
0.4716 3
0.4718 22
0.472 11
0.4723 19
0.4724 12
0.4725 6
0.4725 14
0.4726 27
0.4727 5
0.4733 15
0.4736 7
0.4737 0
0.4737 1
0.4737 16
0.474 18
0.4741 13
0.4741 21
0.4741 26
0.4742 24
0.4744 2
0.4744 29
0.4745 9
0.4749 17
0.475 22
0.4751 10
0.4751 23
0.4755 3
0.4755 27
0.4758 12
0.4762 19
0.4763 16
0.4764 14
0.4766 11
0.4767 8
0.477 15
0.4777 6
0.4778 0
0.4779 9
0.4779 26
0.478 7
0.4783 22
0.4784 27
0.4786 13
0.4786 21
0.4788 1
0.4788 18
0.4789 16
0.4791 29
0.4793 12
0.4794 3
0.4795 17
0.4796 24
0.4797 5
0.4802 14
0.4802 19
0.4807 15
0.4812 9
0.4812 11
0.4813 27
0.4814 23
0.4815 16
0.4816 22
0.4818 26
0.4819 0
0.4823 2
0.4824 7
0.4828 12
0.4829 6
0.4831 13
0.4832 21
0.4833 3
0.4836 18
0.4837 29
0.4839 1
0.4841 14
0.4841 16
0.4842 17
0.4842 19
0.4842 27
0.4845 9
0.4845 15
0.4848 22
0.485 24
0.4854 20
0.4857 11
0.4857 26
0.4859 8
0.486 0
0.4863 12
0.4867 5
0.4867 7
0.4867 16
0.4871 27
0.4872 3
0.4874 23
0.4876 13
0.4877 21
0.4878 9
0.4879 14
0.488 22
0.4881 29
0.4882 6
0.4882 15
0.4882 19
0.4884 18
0.4887 1
0.4888 17
0.4893 16
0.4896 26
0.4897 12
0.4899 2
0.49 27
0.4901 0
0.4902 11
0.4903 24
0.491 7
0.4911 9
0.4912 3
0.4913 22
0.4914 10
0.4918 14
0.4919 15
0.4919 16
0.492 13
0.4921 19
0.4922 21
0.4926 29
0.4929 27
0.4932 12
0.4932 18
0.4932 23
0.4934 17
0.4934 26
0.4935 6
0.4937 1
0.4937 5
0.4942 0
0.4944 9
0.4945 16
0.4946 22
0.4948 11
0.4951 3
0.4952 8
0.4954 7
0.4956 15
0.4956 24
0.4957 14
0.4958 27
0.496 19
0.4963 13
0.4966 12
0.4966 21
0.497 29
0.4971 16
0.4972 2
0.4972 26
0.4976 9
0.4978 22
0.4979 18
0.498 17
0.4982 0
0.4987 27
0.4988 1
0.4988 6
0.499 3
0.499 23
0.4992 20
0.4993 15
0.4994 11
0.4995 14
0.4997 16
0.4998 7
0.4999 19
0.5001 12
0.5007 5
0.5007 13
0.5009 9
0.5009 21
0.5009 24
0.5009 26
0.501 22
0.5013 29
0.5015 27
0.5022 0
0.5023 16
0.5026 17
0.5026 18
0.5028 25
0.503 3
0.503 15
0.5034 14
0.5035 12
0.5037 1
0.5038 19
0.5039 11
0.5041 6
0.5042 9
0.5042 22
0.5043 7
0.5043 8
0.5044 2
0.5044 27
0.5047 26
0.5048 23
0.5049 16
0.5051 13
0.5053 21
0.5057 29
0.5062 0
0.5062 24
0.5065 10
0.5066 15
0.5069 3
0.5069 12
0.5072 14
0.5072 17
0.5073 27
0.5075 9
0.5075 16
0.5075 18
0.5075 22
0.5077 5
0.5077 19
0.5084 11
0.5084 26
0.5086 7
0.5087 1
0.5093 6
0.5095 13
0.5095 21
0.51 29
0.5101 16
0.5102 0
0.5102 27
0.5103 12
0.5103 15
0.5106 23
0.5107 3
0.5107 22
0.5108 9
0.511 14
0.5115 2
0.5115 24
0.5116 19
0.5118 17
0.512 20
0.5121 26
0.5123 18
0.5127 16
0.5128 11
0.513 7
0.5131 27
0.5132 8
0.5135 1
0.5138 12
0.5138 21
0.5139 15
0.5139 22
0.514 13
0.5141 9
0.5142 0
0.5143 29
0.5145 3
0.5145 6
0.5146 5
0.5147 14
0.5153 16
0.5155 19
0.5158 26
0.5159 27
0.5162 23
0.5163 17
0.5168 24
0.517 18
0.5171 22
0.5172 12
0.5173 7
0.5173 11
0.5174 9
0.5175 15
0.5179 16
0.5181 21
0.5182 0
0.5183 1
0.5184 2
0.5184 3
0.5184 13
0.5185 14
0.5185 29
0.5188 27
0.5193 19
0.5195 26
0.5197 6
0.5203 22
0.5205 16
0.5206 12
0.5207 9
0.5208 17
0.5209 10
0.5212 15
0.5215 5
0.5216 7
0.5217 23
0.5217 27
0.5218 11
0.5218 18
0.522 24
0.5221 0
0.5221 8
0.5222 3
0.5223 14
0.5224 21
0.5227 13
0.5228 29
0.5231 1
0.5231 16
0.5231 19
0.5232 26
0.5235 22
0.5237 20
0.5239 9
0.524 12
0.5245 27
0.5247 15
0.5249 2
0.5249 6
0.5253 17
0.5257 16
0.5258 7
0.526 0
0.526 3
0.5261 14
0.5263 11
0.5266 18
0.5266 21
0.5267 22
0.5269 19
0.5269 26
0.527 13
0.527 29
0.5272 9
0.5272 23
0.5272 24
0.5273 27
0.5275 12
0.5277 1
0.5282 15
0.5283 5
0.5283 16
0.5298 3
0.5298 17
0.5299 0
0.5299 14
0.5299 22
0.5301 6
0.5301 7
0.5302 27
0.5305 9
0.5306 26
0.5307 8
0.5307 11
0.5308 19
0.5309 12
0.5309 16
0.5309 21
0.531 25
0.5312 29
0.5313 13
0.5313 18
0.5315 2
0.5317 15
0.5324 1
0.5324 24
0.5327 23
0.5331 22
0.5331 27
0.5335 16
0.5336 3
0.5336 14
0.5337 9
0.5339 0
0.5343 7
0.5343 12
0.5343 17
0.5344 26
0.5346 10
0.5346 19
0.5349 20
0.5351 5
0.5351 11
0.5352 6
0.5352 21
0.5353 15
0.5355 29
0.5357 13
0.5359 27
0.536 18
0.5361 16
0.5363 22
0.5369 9
0.537 1
0.5373 3
0.5373 14
0.5375 24
0.5377 2
0.5377 12
0.5378 0
0.538 26
0.5382 23
0.5384 19
0.5385 7
0.5386 16
0.5387 27
0.5388 17
0.5389 15
0.5392 8
0.5394 21
0.5395 11
0.5395 22
0.5397 29
0.54 13
0.5401 9
0.5403 6
0.5408 18
0.5409 14
0.541 3
0.5411 12
0.5412 16
0.5415 27
0.5416 1
0.5417 0
0.5417 26
0.5418 5
0.5422 19
0.5424 15
0.5426 24
0.5427 7
0.5427 22
0.5433 9
0.5433 17
0.5436 21
0.5437 23
0.5438 16
0.5439 11
0.5439 29
0.5441 2
0.5442 13
0.5444 27
0.5445 12
0.5446 14
0.5447 3
0.5452 20
0.5454 6
0.5454 18
0.5454 26
0.5455 0
0.5459 15
0.5459 22
0.546 19
0.5462 1
0.5464 16
0.5466 9
0.5469 7
0.5472 27
0.5474 8
0.5477 21
0.5478 17
0.5478 24
0.5479 12
0.548 10
0.5481 29
0.5482 11
0.5484 3
0.5484 14
0.5485 5
0.5485 13
0.5489 16
0.549 26
0.5491 22
0.5491 23
0.5493 15
0.5494 0
0.5498 9
0.5499 19
0.55 18
0.55 27
0.5501 2
0.5504 6
0.5508 1
0.5511 7
0.5513 12
0.5515 16
0.5518 21
0.5521 3
0.5522 14
0.5523 17
0.5523 22
0.5523 29
0.5526 11
0.5526 26
0.5527 13
0.5528 27
0.5529 15
0.553 9
0.553 24
0.5533 0
0.5537 19
0.554 16
0.5544 23
0.5547 12
0.5547 18
0.5547 20
0.5552 5
0.5554 1
0.5554 6
0.5554 7
0.5555 22
0.5555 25
0.5556 8
0.5556 27
0.5559 3
0.556 14
0.556 21
0.5562 2
0.5562 9
0.5562 26
0.5564 15
0.5564 29
0.5566 16
0.5568 17
0.5569 13
0.557 11
0.5571 0
0.5574 19
0.558 12
0.5581 24
0.5584 27
0.5587 22
0.5592 16
0.5594 9
0.5594 18
0.5596 7
0.5596 23
0.5597 14
0.5598 3
0.5598 26
0.5599 15
0.56 1
0.5602 21
0.5605 6
0.5606 29
0.5609 10
0.561 0
0.5611 19
0.5612 27
0.5613 11
0.5613 13
0.5613 17
0.5614 12
0.5617 16
0.5619 5
0.5619 22
0.5623 2
0.5626 9
0.5631 24
0.5634 14
0.5634 15
0.5634 26
0.5635 3
0.5639 7
0.5639 8
0.564 18
0.564 27
0.5641 20
0.5643 16
0.5643 21
0.5646 1
0.5647 29
0.5648 0
0.5648 12
0.5648 19
0.5649 23
0.565 22
0.5656 6
0.5656 11
0.5656 13
0.5657 9
0.5658 17
0.5668 15
0.5668 16
0.5668 27
0.567 14
0.567 26
0.5672 3
0.568 2
0.5681 7
0.5681 24
0.5682 12
0.5682 22
0.5685 19
0.5685 21
0.5686 5
0.5687 0
0.5687 18
0.5688 29
0.5689 9
0.5691 1
0.5693 16
0.5696 27
0.5698 13
0.5699 11
0.5701 23
0.5703 17
0.5704 15
0.5706 26
0.5707 6
0.5707 14
0.5709 3
0.5714 22
0.5715 12
0.5718 16
0.572 8
0.5721 9
0.5722 19
0.5723 7
0.5724 27
0.5725 0
0.5727 21
0.5729 29
0.5731 24
0.5733 18
0.5734 10
0.5737 1
0.5739 20
0.574 13
0.574 15
0.5742 2
0.5742 26
0.5743 11
0.5744 14
0.5744 16
0.5746 3
0.5746 22
0.5748 17
0.5749 12
0.5752 27
0.5753 5
0.5753 9
0.5753 23
0.5757 6
0.5758 19
0.5763 0
0.5764 7
0.5767 21
0.5769 16
0.5769 29
0.577 25
0.5775 15
0.5777 22
0.5777 26
0.5779 18
0.578 27
0.5781 1
0.5781 13
0.5782 12
0.5782 14
0.5782 24
0.5783 3
0.5785 9
0.5787 11
0.5792 17
0.5794 16
0.5795 19
0.5799 2
0.58 8
0.5801 0
0.5805 7
0.5805 23
0.5807 6
0.5808 21
0.5808 22
0.5808 27
0.581 15
0.581 29
0.5813 26
0.5816 12
0.5817 9
0.5818 14
0.582 3
0.582 5
0.582 16
0.5823 13
0.5826 18
0.5827 1
0.5829 20
0.583 11
0.5832 19
0.5833 24
0.5836 17
0.5836 27
0.5838 0
0.584 22
0.5844 15
0.5846 7
0.5846 16
0.5848 21
0.5849 9
0.5849 12
0.5849 26
0.585 29
0.5854 10
0.5854 14
0.5857 2
0.5857 3
0.5857 6
0.5857 23
0.5864 27
0.5865 13
0.5869 19
0.5871 16
0.5871 22
0.5872 1
0.5872 18
0.5873 11
0.5876 0
0.5879 15
0.588 8
0.588 17
0.5881 9
0.5882 12
0.5884 24
0.5884 26
0.5886 5
0.5887 7
0.5888 21
0.589 14
0.5891 29
0.5892 27
0.5893 3
0.5896 16
0.5902 22
0.5906 6
0.5906 19
0.5907 13
0.5909 23
0.5913 9
0.5914 0
0.5914 15
0.5914 20
0.5915 2
0.5915 12
0.5916 11
0.5917 18
0.5918 1
0.592 26
0.592 27
0.5921 16
0.5924 17
0.5926 14
0.5928 7
0.5928 21
0.593 3
0.5931 29
0.5933 22
0.5934 24
0.5943 19
0.5945 9
0.5947 16
0.5948 27
0.5949 12
0.5949 15
0.595 13
0.5952 5
0.5953 0
0.5955 6
0.5956 26
0.5959 8
0.5959 11
0.5961 23
0.5963 1
0.5963 14
0.5963 18
0.5965 22
0.5967 3
0.5967 25
0.5968 17
0.5969 7
0.5969 21
0.5971 29
0.5972 16
0.5973 2
0.5973 10
0.5976 9
0.5976 27
0.598 19
0.5982 12
0.5983 15
0.5984 24
0.599 0
0.5991 26
0.5992 13
0.5996 22
0.5997 16
0.5999 14
0.6 20
0.6002 11
0.6003 3
0.6004 27
0.6005 6
0.6008 1
0.6008 9
0.6009 18
0.6009 21
0.601 7
0.6012 17
0.6012 23
0.6012 29
0.6016 12
0.6017 15
0.6017 19
0.6018 5
0.6022 16
0.6026 26
0.6027 2
0.6027 22
0.6028 0
0.6032 27
0.6033 13
0.6034 24
0.6036 14
0.6038 8
0.6039 3
0.604 9
0.6045 11
0.6047 16
0.6049 12
0.6049 21
0.6051 7
0.6051 15
0.6052 29
0.6053 1
0.6054 18
0.6054 19
0.6055 6
0.6056 17
0.6058 22
0.606 27
0.6061 26
0.6062 23
0.6066 0
0.6071 9
0.6072 14
0.6073 16
0.6075 3
0.6075 13
0.6082 12
0.6083 5
0.6083 24
0.6086 2
0.6086 15
0.6088 11
0.6088 27
0.6089 20
0.609 22
0.6091 10
0.6091 19
0.6091 21
0.6092 7
0.6093 29
0.6096 26
0.6097 1
0.6098 16
0.6099 18
0.61 17
0.6102 9
0.6103 0
0.6104 6
0.6108 14
0.611 3
0.6112 23
0.6115 12
0.6116 8
0.6116 27
0.6117 13
0.612 15
0.6121 22
0.6123 16
0.6128 19
0.613 11
0.613 21
0.6131 26
0.6132 7
0.6132 24
0.6133 9
0.6133 29
0.6141 0
0.6141 1
0.6141 2
0.6144 14
0.6144 17
0.6144 27
0.6146 3
0.6146 18
0.6148 5
0.6148 12
0.6148 16
0.6152 22
0.6153 6
0.6154 15
0.6156 25
0.6159 13
0.6162 23
0.6164 9
0.6164 19
0.6166 26
0.617 20
0.617 21
0.6172 11
0.6172 27
0.6173 7
0.6173 16
0.6173 29
0.6178 0
0.618 14
0.6181 12
0.6181 24
0.6183 3
0.6183 22
0.6184 1
0.6188 15
0.6188 17
0.6191 18
0.6193 8
0.6195 9
0.6197 2
0.6198 16
0.62 27
0.6201 13
0.6201 19
0.6201 26
0.6202 6
0.6205 10
0.6209 21
0.6212 5
0.6212 23
0.6213 7
0.6213 29
0.6214 12
0.6214 22
0.6215 0
0.6215 11
0.6216 14
0.6219 3
0.6222 15
0.6223 16
0.6226 9
0.6227 1
0.6227 27
0.6231 24
0.6232 17
0.6235 18
0.6236 26
0.6238 19
0.6242 13
0.6245 22
0.6247 12
0.6248 16
0.6249 21
0.6251 6
0.6252 2
0.6252 14
0.6252 20
0.6253 0
0.6253 29
0.6254 7
0.6255 3
0.6255 27
0.6256 15
0.6258 9
0.6258 11
0.6262 23
0.6269 8
0.627 1
0.6271 26
0.6273 16
0.6274 19
0.6276 5
0.6276 17
0.6276 22
0.628 12
0.6281 18
0.6281 24
0.6283 27
0.6284 13
0.6288 14
0.6288 21
0.6289 9
0.629 0
0.629 15
0.6291 3
0.6292 29
0.6293 7
0.6298 16
0.63 6
0.63 11
0.6306 26
0.6307 2
0.6307 22
0.631 19
0.6311 27
0.6312 23
0.6313 1
0.6313 12
0.6319 10
0.632 9
0.632 17
0.6323 16
0.6325 13
0.6325 14
0.6325 15
0.6327 0
0.6327 3
0.6327 18
0.6328 21
0.6331 24
0.6332 29
0.6333 7
0.6334 20
0.6336 25
0.6338 22
0.6339 27
0.634 5
0.634 26
0.6342 11
0.6344 8
0.6346 12
0.6346 19
0.6348 6
0.6348 16
0.6351 9
0.6356 1
0.6359 2
0.6359 15
0.6361 14
0.6362 23
0.6363 3
0.6364 0
0.6364 17
0.6366 13
0.6367 21
0.6367 27
0.6369 22
0.6371 29
0.6372 18
0.6373 7
0.6373 16
0.6375 26
0.6379 12
0.638 24
0.6382 9
0.6382 19
0.6384 11
0.6393 15
0.6395 27
0.6397 6
0.6397 14
0.6398 16
0.6399 3
0.64 1
0.64 22
0.6402 0
0.6404 5
0.6407 21
0.6408 13
0.6408 17
0.6411 26
0.6411 29
0.6412 12
0.6412 23
0.6413 7
0.6413 9
0.6415 2
0.6416 20
0.6417 18
0.6419 8
0.6419 19
0.6423 16
0.6423 27
0.6426 11
0.6427 15
0.6429 10
0.6429 24
0.6431 22
0.6433 14
0.6435 3
0.6439 0
0.6443 1
0.6444 9
0.6445 12
0.6445 21
0.6446 6
0.6446 26
0.6448 16
0.645 13
0.6451 27
0.6451 29
0.6452 7
0.6452 17
0.6456 19
0.6461 15
0.6461 23
0.6462 22
0.6463 18
0.6467 2
0.6468 5
0.6469 11
0.6469 14
0.647 3
0.6473 16
0.6475 9
0.6476 0
0.6477 24
0.6478 12
0.6479 27
0.6481 26
0.6484 21
0.6486 1
0.649 29
0.6491 13
0.6492 19
0.6492 20
0.6493 7
0.6493 22
0.6495 6
0.6495 8
0.6496 15
0.6496 17
0.6498 16
0.6503 25
0.6505 14
0.6506 3
0.6506 9
0.6506 27
0.6508 18
0.651 12
0.651 23
0.6511 11
0.6513 0
0.6516 26
0.6519 2
0.6523 16
0.6523 21
0.6524 22
0.6525 24
0.6528 1
0.6528 19
0.6529 29
0.653 15
0.6532 5
0.6532 13
0.6533 7
0.6534 27
0.6537 9
0.6538 10
0.654 17
0.6541 14
0.6542 3
0.6542 12
0.6544 6
0.6548 16
0.655 0
0.6551 26
0.6553 11
0.6553 18
0.6555 22
0.6559 23
0.6561 27
0.6562 21
0.6564 15
0.6564 19
0.6568 29
0.6569 9
0.6569 20
0.6571 1
0.6571 8
0.6572 2
0.6573 13
0.6573 16
0.6574 7
0.6574 24
0.6575 12
0.6577 14
0.6578 3
0.6583 17
0.6585 26
0.6586 22
0.6587 0
0.6589 27
0.6593 6
0.6595 11
0.6596 5
0.6597 15
0.6598 16
0.6599 18
0.66 9
0.6601 19
0.6601 21
0.6606 29
0.6608 12
0.6608 23
0.6613 1
0.6613 13
0.6613 14
0.6614 3
0.6615 7
0.6617 22
0.6617 27
0.662 26
0.6623 16
0.6623 24
0.6624 0
0.6625 2
0.6626 17
0.6631 9
0.6631 15
0.6637 11
0.6637 19
0.6641 6
0.6641 12
0.6641 21
0.6644 18
0.6645 27
0.6645 29
0.6646 8
0.6646 10
0.6648 16
0.6648 22
0.6649 14
0.6649 20
0.665 3
0.6654 13
0.6655 1
0.6655 7
0.6655 26
0.6656 23
0.666 5
0.6662 0
0.6662 9
0.6664 15
0.6669 17
0.667 25
0.6672 24
0.6673 16
0.6673 27
0.6674 12
0.6674 19
0.6675 2
0.6679 11
0.6679 21
0.6679 22
0.6683 29
0.6684 14
0.6686 3
0.6689 18
0.6689 26
0.669 6
0.6693 9
0.6695 7
0.6695 13
0.6698 1
0.6698 15
0.6698 16
0.6699 0
0.67 27
0.6704 23
0.6707 12
0.671 19
0.671 22
0.6712 17
0.6718 21
0.672 14
0.672 24
0.6721 8
0.6721 11
0.6722 3
0.6723 16
0.6723 29
0.6724 5
0.6724 9
0.6724 26
0.6726 20
0.6728 2
0.6728 27
0.6731 15
0.6734 18
0.6735 7
0.6736 0
0.6737 13
0.6738 6
0.674 12
0.6741 1
0.6741 22
0.6745 19
0.6748 16
0.6752 23
0.6754 10
0.6755 9
0.6755 17
0.6755 27
0.6756 14
0.6756 21
0.6757 3
0.6758 26
0.6761 29
0.6763 11
0.6765 15
0.6768 24
0.6772 22
0.6773 0
0.6773 12
0.6773 16
0.6775 7
0.6779 2
0.6779 13
0.6779 18
0.6781 19
0.6783 27
0.6784 1
0.6785 6
0.6786 9
0.6787 5
0.6792 3
0.6792 14
0.6792 26
0.6794 21
0.6796 8
0.6798 16
0.6798 17
0.6799 15
0.6799 20
0.68 23
0.68 29
0.6803 22
0.6805 11
0.6805 12
0.6809 0
0.681 27
0.6814 7
0.6817 9
0.6817 19
0.6817 24
0.6819 13
0.6823 16
0.6824 18
0.6826 1
0.6826 26
0.6827 14
0.6828 3
0.683 2
0.6832 15
0.6832 21
0.6833 6
0.6833 25
0.6834 22
0.6837 12
0.6837 27
0.6839 29
0.6841 17
0.6846 0
0.6847 11
0.6848 9
0.6848 16
0.6849 23
0.685 5
0.6853 19
0.6854 7
0.6857 10
0.6859 13
0.686 26
0.6863 14
0.6864 3
0.6865 22
0.6865 24
0.6865 27
0.6866 15
0.6869 1
0.6869 12
0.6869 18
0.6871 8
0.6871 21
0.6873 16
0.6874 20
0.6877 29
0.6878 9
0.6881 2
0.6881 6
0.6883 0
0.6884 17
0.6888 11
0.6888 19
0.6892 27
0.6893 7
0.6894 26
0.6896 22
0.6897 23
0.6898 16
0.6899 14
0.6899 15
0.69 3
0.69 13
0.6902 12
0.6909 9
0.6909 21
0.6911 1
0.6912 5
0.6913 24
0.6914 18
0.6915 29
0.692 0
0.692 27
0.6923 16
0.6924 19
0.6927 17
0.6927 22
0.6929 6
0.6929 26
0.693 11
0.6933 2
0.6933 7
0.6933 15
0.6934 12
0.6935 14
0.6936 3
0.694 9
0.694 13
0.6945 8
0.6945 23
0.6947 27
0.6948 16
0.6948 21
0.6949 20
0.6953 1
0.6953 29
0.6956 0
0.6958 22
0.6959 18
0.696 10
0.696 19
0.6961 24
0.6963 26
0.6966 15
0.6967 12
0.697 17
0.6971 3
0.6971 9
0.6971 14
0.6972 7
0.6972 11
0.6973 16
0.6974 27
0.6975 5
0.6978 6
0.6981 13
0.6982 2
0.6985 21
0.6989 22
0.699 29
0.6991 25
0.6992 0
0.6993 23
0.6994 1
0.6996 19
0.6998 16
0.6998 26
0.7 12
0.7 15
0.7001 27
0.7002 9
0.7003 18
0.7006 3
0.7007 14
0.7009 24
0.7012 7
0.7013 17
0.7014 11
0.7018 8
0.702 22
0.7021 20
0.7022 13
0.7023 16
0.7023 21
0.7026 6
0.7028 27
0.7028 29
0.7029 0
0.7032 19
0.7033 9
0.7033 12
0.7033 15
0.7033 26
0.7034 2
0.7036 1
0.7038 5
0.7041 23
0.7042 3
0.7042 14
0.7048 16
0.7048 18
0.7051 7
0.7051 22
0.7056 11
0.7056 27
0.7057 17
0.7058 24
0.7061 21
0.7063 10
0.7063 13
0.7064 9
0.7066 0
0.7066 12
0.7066 15
0.7066 29
0.7068 19
0.7068 26
0.7073 16
0.7074 6
0.7077 3
0.7077 14
0.7078 1
0.7082 22
0.7083 27
0.7085 2
0.7089 23
0.7091 7
0.7091 8
0.7093 18
0.7093 20
0.7095 9
0.7098 11
0.7098 16
0.7099 12
0.7099 21
0.71 15
0.7101 5
0.7101 17
0.7103 0
0.7103 26
0.7104 13
0.7104 19
0.7104 29
0.7107 24
0.711 27
0.7112 3
0.7112 14
0.7113 22
0.712 1
0.7122 6
0.7123 16
0.7126 9
0.713 7
0.7131 12
0.7134 15
0.7135 2
0.7137 18
0.7137 26
0.7138 21
0.7138 23
0.7138 27
0.714 0
0.714 11
0.714 19
0.7142 29
0.7144 13
0.7144 22
0.7145 17
0.7147 3
0.7148 14
0.7148 16
0.7148 25
0.7155 24
0.7157 9
0.7163 1
0.7164 5
0.7164 8
0.7164 12
0.7166 10
0.7166 27
0.7167 20
0.7168 15
0.7169 6
0.717 7
0.7172 26
0.7173 16
0.7175 22
0.7176 19
0.7177 0
0.7177 21
0.718 29
0.7181 3
0.7182 11
0.7182 18
0.7184 13
0.7184 14
0.7185 2
0.7187 9
0.7187 23
0.7189 17
0.7193 27
0.7196 12
0.7198 16
0.7201 15
0.7203 24
0.7204 1
0.7206 22
0.7206 26
0.721 7
0.7211 19
0.7214 0
0.7215 21
0.7216 3
0.7217 6
0.7218 9
0.7219 29
0.722 14
0.722 27
0.7223 11
0.7223 16
0.7225 13
0.7227 5
0.7228 18
0.7229 12
0.7233 17
0.7235 15
0.7235 23
0.7236 2
0.7237 8
0.7237 22
0.7239 20
0.724 26
0.7246 1
0.7246 19
0.7247 27
0.7248 16
0.7249 9
0.725 0
0.725 7
0.7251 24
0.7252 3
0.7253 21
0.7255 14
0.7256 29
0.7261 12
0.7265 6
0.7265 11
0.7266 13
0.7267 22
0.7268 15
0.7269 10
0.7273 16
0.7273 18
0.7274 26
0.7274 27
0.7277 17
0.728 9
0.7282 19
0.7284 23
0.7286 2
0.7287 0
0.7287 1
0.7287 3
0.729 5
0.729 7
0.729 14
0.7291 21
0.7294 12
0.7294 29
0.7298 16
0.7298 22
0.7299 24
0.7302 15
0.7302 25
0.7302 27
0.7306 13
0.7307 11
0.7308 26
0.7309 20
0.731 8
0.7311 9
0.7312 6
0.7317 18
0.7318 19
0.732 17
0.7322 3
0.7323 16
0.7324 0
0.7325 14
0.7327 12
0.7328 1
0.7329 21
0.7329 22
0.7329 27
0.733 7
0.7332 23
0.7332 29
0.7335 15
0.7336 2
0.7341 9
0.7342 26
0.7347 13
0.7347 24
0.7348 11
0.7348 16
0.7352 5
0.7353 19
0.7356 27
0.7357 3
0.7359 12
0.736 0
0.736 22
0.7361 6
0.7361 14
0.7362 18
0.7364 17
0.7368 15
0.7368 21
0.737 1
0.737 7
0.7371 29
0.7372 9
0.7373 10
0.7373 16
0.7376 26
0.738 23
0.7382 8
0.7382 20
0.7384 27
0.7387 2
0.7387 13
0.7389 19
0.739 11
0.7391 22
0.7392 3
0.7392 12
0.7395 24
0.7396 14
0.7397 0
0.7398 16
0.7401 15
0.7403 9
0.7406 21
0.7407 18
0.7408 17
0.7409 6
0.7409 7
0.7409 26
0.741 29
0.7411 27
0.7412 1
0.7414 5
0.7422 22
0.7423 16
0.7425 12
0.7425 19
0.7427 3
0.7427 13
0.7428 23
0.7432 11
0.7432 14
0.7434 0
0.7434 9
0.7435 15
0.7437 2
0.7438 27
0.7443 24
0.7443 26
0.7445 21
0.7448 16
0.7449 7
0.7449 29
0.7451 17
0.7451 18
0.7453 22
0.7453 25
0.7454 1
0.7454 8
0.7454 20
0.7457 6
0.7458 12
0.746 19
0.7462 3
0.7464 9
0.7465 27
0.7468 13
0.7468 14
0.7468 15
0.7471 0
0.7473 11
0.7473 16
0.7476 5
0.7476 23
0.7477 10
0.7477 26
0.7483 21
0.7484 22
0.7486 2
0.7487 29
0.7488 7
0.749 12
0.7491 24
0.7492 27
0.7494 17
0.7495 9
0.7495 18
0.7496 1
0.7496 19
0.7497 3
0.7498 16
0.7502 15
0.7504 14
0.7505 6
0.7507 0
0.7509 13
0.7511 26
0.7515 11
0.7515 22
0.7519 27
0.7521 21
0.7523 12
0.7523 16
0.7523 20
0.7523 23
0.7526 9
0.7526 29
0.7527 8
0.7528 7
0.7532 19
0.7533 3
0.7535 15
0.7536 2
0.7537 1
0.7537 17
0.7538 5
0.7539 24
0.754 14
0.7541 18
0.7543 0
0.7545 22
0.7545 26
0.7546 27
0.7548 16
0.755 13
0.7553 6
0.7555 12
0.7556 11
0.7557 9
0.7559 21
0.7564 29
0.7567 7
0.7568 15
0.7568 19
0.7569 3
0.757 23
0.7573 16
0.7573 27
0.7575 14
0.7576 22
0.7578 1
0.758 0
0.758 10
0.758 17
0.758 26
0.7586 18
0.7587 2
0.7587 12
0.7587 24
0.7588 9
0.7591 13
0.7595 20
0.7597 11
0.7597 21
0.7598 16
0.7599 5
0.76 6
0.76 27
0.7601 8
0.7601 15
0.7602 29
0.7603 19
0.7604 3
0.7604 25
0.7607 7
0.7607 22
0.761 14
0.7614 26
0.7616 0
0.7618 23
0.7619 1
0.7619 9
0.7619 12
0.7623 16
0.7624 17
0.7627 27
0.763 18
0.7631 13
0.7634 15
0.7635 21
0.7636 2
0.7636 24
0.7638 22
0.7639 3
0.7639 11
0.7639 19
0.764 29
0.7645 14
0.7647 7
0.7648 6
0.7648 16
0.7649 26
0.765 9
0.7651 12
0.7653 0
0.7654 27
0.766 5
0.7661 1
0.7665 23
0.7667 20
0.7668 15
0.7668 17
0.7669 22
0.767 13
0.7673 16
0.7674 3
0.7674 18
0.7674 21
0.7675 8
0.7675 19
0.7678 29
0.768 14
0.7681 9
0.7681 11
0.7681 27
0.7682 10
0.7683 12
0.7683 26
0.7684 24
0.7686 2
0.7686 7
0.7689 0
0.7695 6
0.7698 16
0.77 22
0.7701 15
0.7702 1
0.7708 27
0.7709 3
0.771 13
0.771 19
0.7712 9
0.7712 17
0.7712 21
0.7712 23
0.7715 12
0.7716 14
0.7717 26
0.7717 29
0.7719 18
0.7722 5
0.7722 11
0.7723 16
0.7725 7
0.7726 0
0.7731 22
0.7731 24
0.7734 15
0.7735 27
0.7736 2
0.7737 20
0.7742 6
0.7743 9
0.7744 1
0.7744 3
0.7745 19
0.7748 8
0.7748 12
0.7748 16
0.7749 21
0.775 13
0.7751 25
0.7751 26
0.7752 14
0.7755 17
0.7755 29
0.7759 23
0.7761 22
0.7762 0
0.7762 27
0.7763 18
0.7764 7
0.7764 11
0.7767 15
0.7773 16
0.7774 9
0.7778 24
0.7779 3
0.778 19
0.7781 12
0.7784 5
0.7785 10
0.7785 26
0.7786 1
0.7787 2
0.7787 14
0.7787 21
0.7789 27
0.779 6
0.7791 13
0.7791 22
0.7793 29
0.7798 0
0.7798 16
0.7798 17
0.7801 15
0.7803 7
0.7805 9
0.7805 11
0.7807 18
0.7807 23
0.7808 20
0.7813 3
0.7813 12
0.7815 19
0.7816 27
0.7819 26
0.782 8
0.7822 14
0.7822 22
0.7823 16
0.7824 21
0.7825 24
0.7827 1
0.783 29
0.7832 13
0.7834 15
0.7835 0
0.7835 2
0.7835 9
0.7838 6
0.7841 7
0.7841 17
0.7843 27
0.7845 12
0.7846 5
0.7847 11
0.7848 3
0.7848 16
0.785 19
0.7852 18
0.7853 22
0.7853 26
0.7854 23
0.7857 14
0.7862 21
0.7866 9
0.7867 15
0.7867 29
0.7869 1
0.7871 0
0.7871 27
0.7872 13
0.7873 16
0.7873 24
0.7877 12
0.788 7
0.7881 20
0.7883 3
0.7884 17
0.7884 22
0.7886 6
0.7886 19
0.7887 2
0.7887 10
0.7887 26
0.7888 11
0.7892 8
0.7893 14
0.7897 9
0.7897 18
0.7898 16
0.7898 27
0.7899 21
0.79 15
0.7902 23
0.7902 25
0.7904 29
0.7908 0
0.7908 5
0.791 1
0.791 12
0.7913 13
0.7915 22
0.7918 3
0.7919 7
0.7921 24
0.7921 26
0.7922 19
0.7923 16
0.7925 27
0.7927 9
0.7927 17
0.7929 11
0.7929 14
0.7933 15
0.7934 6
0.7936 2
0.7937 21
0.7941 18
0.7942 12
0.7942 29
0.7944 0
0.7946 22
0.7948 16
0.795 23
0.7951 20
0.7952 1
0.7952 27
0.7953 3
0.7953 13
0.7955 26
0.7957 19
0.7958 9
0.7959 7
0.7964 8
0.7965 14
0.7966 15
0.7969 24
0.797 5
0.797 11
0.797 17
0.7973 16
0.7974 12
0.7975 21
0.7977 22
0.7979 27
0.7979 29
0.7981 0
0.7981 6
0.7985 18
0.7986 2
0.7987 10
0.7988 3
0.7988 9
0.7989 26
0.7992 13
0.7993 1
0.7993 19
0.7997 23
0.7998 7
0.7998 16
0.7999 15
0.8 14
0.8006 12
0.8006 27
0.8007 22
0.8011 11
0.8012 17
0.8012 21
0.8017 24
0.8017 29
0.8018 0
0.8018 9
0.802 20
0.8023 3
0.8023 16
0.8023 26
0.8028 6
0.8029 19
0.803 18
0.8031 5
0.8032 15
0.8033 13
0.8033 27
0.8034 1
0.8036 2
0.8036 8
0.8036 14
0.8038 7
0.8038 12
0.8038 22
0.8044 23
0.8048 9
0.8048 16
0.8049 21
0.8051 25
0.8052 11
0.8054 0
0.8054 17
0.8054 29
0.8057 26
0.8058 3
0.806 27
0.8065 15
0.8065 19
0.8065 24
0.8069 22
0.8071 12
0.8071 14
0.8073 16
0.8074 13
0.8075 6
0.8075 18
0.8076 1
0.8078 7
0.8079 9
0.8086 10
0.8087 2
0.8087 21
0.8087 27
0.8091 0
0.8092 3
0.8092 5
0.8092 20
0.8092 23
0.8092 26
0.8093 29
0.8094 11
0.8096 17
0.8098 16
0.8099 15
0.81 22
0.8101 19
0.8103 12
0.8106 14
0.8107 8
0.811 9
0.8113 24
0.8114 13
0.8114 27
0.8117 1
0.8117 7
0.8119 18
0.8122 6
0.8123 16
0.8125 21
0.8126 26
0.8127 0
0.8127 3
0.813 29
0.8131 22
0.8132 15
0.8135 12
0.8136 2
0.8136 11
0.8137 19
0.8138 17
0.814 9
0.814 23
0.8141 14
0.8141 27
0.8148 16
0.8153 5
0.8154 13
0.8156 7
0.8159 1
0.816 24
0.8161 26
0.8162 3
0.8162 20
0.8162 22
0.8163 0
0.8163 18
0.8164 21
0.8165 15
0.8167 12
0.8167 29
0.8168 27
0.8169 6
0.817 9
0.8173 16
0.8173 19
0.8177 11
0.8177 14
0.8178 8
0.8181 17
0.8185 10
0.8186 2
0.8188 23
0.8193 22
0.8194 13
0.8195 7
0.8195 26
0.8195 27
0.8197 3
0.8198 15
0.8198 16
0.82 0
0.82 1
0.82 12
0.8201 9
0.8201 21
0.8201 25
0.8205 29
0.8207 24
0.8208 18
0.8209 19
0.8212 14
0.8214 5
0.8216 6
0.8218 11
0.8222 27
0.8223 16
0.8224 17
0.8224 22
0.8229 26
0.823 20
0.8231 15
0.8232 3
0.8232 9
0.8232 12
0.8234 7
0.8234 13
0.8235 2
0.8236 0
0.8236 23
0.8239 21
0.8241 1
0.8242 29
0.8245 19
0.8247 14
0.8248 8
0.8248 16
0.8249 27
0.8252 18
0.8254 22
0.8254 24
0.8259 11
0.8263 9
0.8263 26
0.8264 6
0.8264 12
0.8264 15
0.8267 3
0.8267 17
0.8272 7
0.8273 0
0.8273 16
0.8275 5
0.8275 13
0.8276 27
0.8277 21
0.828 29
0.8281 19
0.8282 1
0.8282 14
0.8284 10
0.8284 22
0.8284 23
0.8286 2
0.8293 9
0.8296 12
0.8296 18
0.8297 15
0.8297 26
0.8298 16
0.83 20
0.8301 3
0.8301 11
0.8301 24
0.8304 27
0.8309 0
0.831 17
0.8312 6
0.8312 7
0.8314 21
0.8315 13
0.8315 22
0.8316 19
0.8317 14
0.8317 29
0.8318 8
0.8323 1
0.8323 16
0.8324 9
0.8328 12
0.8329 15
0.8331 26
0.8331 27
0.8332 23
0.8334 2
0.8335 3
0.8336 5
0.834 18
0.8342 11
0.8345 0
0.8346 22
0.8348 16
0.8348 25
0.8349 24
0.8351 7
0.8351 19
0.8352 14
0.8352 21
0.8353 17
0.8355 9
0.8355 13
0.8355 29
0.8358 27
0.8359 6
0.836 12
0.8362 15
0.8365 1
0.8365 26
0.837 3
0.8371 20
0.8373 16
0.8377 22
0.838 23
0.8382 0
0.8383 10
0.8383 11
0.8384 2
0.8385 18
0.8385 27
0.8386 9
0.8387 19
0.8388 8
0.8388 14
0.839 7
0.839 21
0.8393 12
0.8393 29
0.8395 15
0.8396 13
0.8397 5
0.8397 17
0.8398 16
0.8398 24
0.8399 26
0.8404 3
0.8406 1
0.8406 6
0.8407 22
0.8412 27
0.8416 9
0.8418 0
0.8423 14
0.8423 16
0.8423 19
0.8424 11
0.8425 12
0.8428 15
0.8428 21
0.8428 23
0.8429 7
0.8429 18
0.8431 29
0.8433 2
0.8433 26
0.8436 13
0.8437 22
0.8438 3
0.8439 20
0.8439 27
0.844 17
0.8446 24
0.8447 9
0.8448 1
0.8448 16
0.8453 6
0.8454 0
0.8458 12
0.8458 14
0.8458 19
0.8459 5
0.8459 8
0.8461 15
0.8465 11
0.8466 21
0.8466 27
0.8467 26
0.8468 7
0.8468 22
0.8469 29
0.8473 3
0.8473 16
0.8473 18
0.8475 13
0.8475 23
0.8477 9
0.8483 2
0.8483 17
0.8484 10
0.8489 1
0.849 0
0.849 12
0.8493 14
0.8493 19
0.8493 25
0.8493 27
0.8494 15
0.8494 24
0.8498 16
0.8499 22
0.85 6
0.8501 26
0.8504 21
0.8506 11
0.8507 3
0.8507 7
0.8507 29
0.8508 9
0.8508 20
0.8515 13
0.8518 18
0.852 27
0.8521 5
0.8522 23
0.8523 12
0.8523 16
0.8526 17
0.8527 0
0.8527 15
0.8529 1
0.8529 14
0.8529 19
0.853 8
0.853 22
0.8532 2
0.8535 26
0.8538 9
0.8541 3
0.8541 21
0.8541 24
0.8544 29
0.8545 7
0.8547 6
0.8547 11
0.8547 27
0.8548 16
0.8555 13
0.8556 12
0.856 15
0.856 22
0.8563 0
0.8563 18
0.8564 14
0.8565 19
0.8568 9
0.8569 17
0.8569 23
0.8569 26
0.857 1
0.8573 16
0.8574 27
0.8576 3
0.8579 21
0.858 20
0.8583 2
0.8583 5
0.8583 29
0.8584 7
0.8584 10
0.8588 11
0.8588 12
0.8588 24
0.859 22
0.8593 15
0.8594 6
0.8596 13
0.8598 9
0.8598 16
0.8599 0
0.86 14
0.8601 8
0.8601 19
0.8601 27
0.8602 26
0.8607 18
0.861 1
0.861 3
0.8612 17
0.8616 21
0.8616 23
0.862 12
0.8621 22
0.8621 29
0.8622 7
0.8623 16
0.8626 15
0.8628 9
0.8628 27
0.8629 11
0.8631 2
0.8635 14
0.8636 0
0.8636 19
0.8636 24
0.8636 26
0.8637 13
0.8641 6
0.8643 25
0.8644 5
0.8645 3
0.8648 16
0.8649 20
0.8651 1
0.8652 12
0.8652 18
0.8652 22
0.8655 17
0.8655 21
0.8655 27
0.8659 9
0.8659 15
0.8659 29
0.8661 7
0.8663 23
0.867 11
0.867 26
0.8671 8
0.8671 14
0.8671 19
0.8672 0
0.8673 16
0.8677 13
0.868 2
0.868 3
0.8682 22
0.8682 27
0.8683 24
0.8684 10
0.8684 12
0.8688 6
0.869 9
0.8692 1
0.8692 15
0.8693 21
0.8697 18
0.8698 16
0.8698 17
0.8698 29
0.87 7
0.8704 26
0.8705 5
0.8706 14
0.8706 19
0.8708 0
0.871 23
0.871 27
0.8711 11
0.8712 22
0.8714 3
0.8716 12
0.8717 13
0.8717 20
0.8721 9
0.8723 16
0.8725 15
0.8728 2
0.873 21
0.873 24
0.8733 1
0.8735 6
0.8735 29
0.8737 27
0.8738 26
0.874 7
0.8741 8
0.8741 17
0.8741 19
0.8742 14
0.8742 18
0.8743 22
0.8744 0
0.8748 3
0.8748 12
0.8748 16
0.8751 9
0.8752 11
0.8757 13
0.8757 23
0.8758 15
0.8764 27
0.8766 5
0.8768 21
0.8773 16
0.8773 26
0.8773 29
0.8774 1
0.8774 22
0.8777 14
0.8777 19
0.8777 24
0.8779 2
0.8779 7
0.878 12
0.8781 0
0.8782 9
0.8783 3
0.8783 6
0.8784 17
0.8785 10
0.8786 18
0.8787 25
0.8789 20
0.8791 15
0.8791 27
0.8793 11
0.8796 13
0.8798 16
0.8803 23
0.8805 21
0.8805 22
0.8806 26
0.881 29
0.8811 8
0.8812 12
0.8812 14
0.8812 19
0.8813 9
0.8815 1
0.8818 0
0.8818 3
0.8818 7
0.8818 27
0.8823 16
0.8824 15
0.8825 24
0.8827 2
0.8827 5
0.8827 17
0.883 6
0.8831 18
0.8834 11
0.8835 22
0.8836 13
0.884 26
0.8843 21
0.8844 9
0.8844 12
0.8845 27
0.8846 14
0.8847 19
0.8847 29
0.8848 16
0.885 23
0.8853 3
0.8854 0
0.8856 1
0.8857 7
0.8857 15
0.8858 20
0.8865 22
0.8871 17
0.8872 27
0.8873 16
0.8873 24
0.8874 26
0.8875 9
0.8875 11
0.8876 2
0.8876 18
0.8877 6
0.8877 12
0.8877 13
0.888 21
0.8882 8
0.8882 14
0.8883 19
0.8884 29
0.8885 10
0.8888 3
0.8888 5
0.8889 15
0.889 0
0.8896 1
0.8896 7
0.8896 22
0.8897 23
0.8898 16
0.8899 27
0.8905 9
0.8908 26
0.8909 12
0.8915 17
0.8916 11
0.8917 13
0.8917 21
0.8918 14
0.8919 19
0.892 18
0.8921 24
0.8922 15
0.8922 29
0.8923 3
0.8923 16
0.8925 2
0.8925 6
0.8926 20
0.8926 27
0.8927 0
0.8927 22
0.8933 25
0.8935 7
0.8936 9
0.8937 1
0.8941 12
0.8942 26
0.8944 23
0.8948 16
0.8949 5
0.8954 8
0.8954 14
0.8954 21
0.8954 27
0.8955 19
0.8956 15
0.8957 13
0.8958 3
0.8958 11
0.8958 22
0.8959 17
0.896 29
0.8963 0
0.8964 18
0.8966 9
0.8969 24
0.8972 6
0.8973 7
0.8973 12
0.8973 16
0.8975 2
0.8976 26
0.8978 1
0.8981 27
0.8985 10
0.8989 22
0.899 14
0.899 15
0.899 19
0.8991 23
0.8992 21
0.8993 3
0.8996 9
0.8997 13
0.8997 20
0.8998 16
0.8998 29
0.8999 11
0.9 0
0.9003 17
0.9005 12
0.9008 27
0.9009 18
0.9009 26
0.901 5
0.9012 7
0.9016 24
0.9019 1
0.9019 6
0.902 22
0.9023 2
0.9023 15
0.9023 16
0.9026 14
0.9026 19
0.9027 8
0.9027 9
0.9028 3
0.9029 21
0.9035 27
0.9035 29
0.9036 0
0.9037 12
0.9037 13
0.9038 23
0.904 11
0.9043 26
0.9046 17
0.9048 16
0.9051 7
0.9051 22
0.9053 18
0.9056 15
0.9058 9
0.9061 1
0.9061 14
0.9062 19
0.9063 3
0.9063 24
0.9063 27
0.9067 6
0.9067 21
0.9069 20
0.907 12
0.9072 5
0.9073 0
0.9073 16
0.9073 29
0.9074 2
0.9077 26
0.9078 13
0.9079 25
0.9081 11
0.9081 22
0.9085 10
0.9085 23
0.9089 9
0.9089 15
0.9089 17
0.909 27
0.9091 7
0.9096 14
0.9097 18
0.9098 3
0.9098 16
0.9098 19
0.9099 8
0.9102 1
0.9103 12
0.9104 21
0.9109 0
0.911 24
0.911 29
0.9111 22
0.9111 26
0.9114 6
0.9117 27
0.9118 13
0.9119 9
0.9122 2
0.9122 11
0.9122 15
0.9123 16
0.913 7
0.9131 14
0.9132 17
0.9132 23
0.9133 3
0.9133 19
0.9134 5
0.9135 12
0.9137 20
0.9141 22
0.9142 18
0.9142 21
0.9143 1
0.9144 27
0.9145 0
0.9145 26
0.9147 29
0.9148 16
0.9149 9
0.9155 15
0.9158 13
0.9158 24
0.9161 6
0.9163 11
0.9167 12
0.9167 14
0.9168 3
0.9169 19
0.917 7
0.9171 2
0.9171 8
0.9171 27
0.9172 22
0.9173 16
0.9175 17
0.9179 9
0.9179 26
0.918 21
0.918 23
0.9182 0
0.9184 1
0.9185 10
0.9185 29
0.9187 18
0.9188 15
0.9196 5
0.9198 16
0.9199 13
0.9199 27
0.92 12
0.9202 3
0.9202 14
0.9203 22
0.9204 19
0.9205 11
0.9206 24
0.9207 20
0.9209 6
0.9209 7
0.921 9
0.9213 26
0.9217 21
0.9218 0
0.9218 17
0.9219 2
0.9221 15
0.9222 29
0.9223 16
0.9224 1
0.9224 25
0.9226 27
0.9227 23
0.9231 18
0.9232 12
0.9234 22
0.9237 3
0.9237 14
0.9239 13
0.9239 19
0.9241 9
0.9242 8
0.9246 11
0.9247 26
0.9248 7
0.9248 16
0.9253 27
0.9254 15
0.9254 21
0.9254 24
0.9255 0
0.9256 6
0.9258 5
0.926 29
0.9261 17
0.9264 12
0.9264 22
0.9265 1
0.927 2
0.9271 9
0.9272 3
0.9272 14
0.9273 16
0.9275 18
0.9275 19
0.9275 23
0.9278 13
0.9279 20
0.928 27
0.9281 26
0.9284 10
0.9286 7
0.9287 11
0.9287 15
0.9291 0
0.9291 21
0.9295 22
0.9296 12
0.9297 29
0.9298 16
0.9301 9
0.9302 24
0.9304 6
0.9304 17
0.9306 1
0.9307 3
0.9307 14
0.9307 27
0.9311 19
0.9314 8
0.9314 26
0.9318 2
0.9318 13
0.9319 5
0.932 15
0.932 18
0.9322 23
0.9323 16
0.9325 7
0.9326 22
0.9327 0
0.9328 11
0.9328 12
0.9329 21
0.9331 9
0.9334 27
0.9334 29
0.9342 3
0.9342 14
0.9347 17
0.9347 19
0.9348 1
0.9348 16
0.9348 20
0.9348 26
0.935 24
0.9352 6
0.9353 15
0.9356 22
0.9359 13
0.936 12
0.9361 27
0.9362 9
0.9364 0
0.9364 7
0.9364 18
0.9367 2
0.9367 21
0.9369 11
0.937 23
0.9371 29
0.9372 25
0.9373 16
0.9377 3
0.9377 14
0.938 5
0.9382 10
0.9382 19
0.9382 26
0.9386 8
0.9386 15
0.9386 22
0.9388 27
0.9389 1
0.939 17
0.9392 12
0.9393 9
0.9398 16
0.9398 24
0.9399 6
0.94 0
0.94 13
0.9402 7
0.9404 21
0.9408 18
0.9408 29
0.941 11
0.9412 3
0.9412 14
0.9415 27
0.9416 2
0.9416 26
0.9417 20
0.9417 22
0.9417 23
0.9418 19
0.9419 15
0.9423 16
0.9424 9
0.9425 12
0.943 1
0.9433 17
0.9436 0
0.9441 5
0.9441 7
0.9441 13
0.9442 21
0.9442 27
0.9445 29
0.9446 24
0.9447 3
0.9447 6
0.9448 14
0.9448 16
0.9448 22
0.945 26
0.9452 11
0.9452 15
0.9453 18
0.9454 19
0.9455 9
0.9457 12
0.9458 8
0.9464 23
0.9466 2
0.9469 27
0.9471 1
0.9472 0
0.9473 16
0.9476 17
0.9479 22
0.948 7
0.9481 13
0.9481 21
0.9483 3
0.9483 10
0.9483 14
0.9483 29
0.9484 26
0.9485 15
0.9486 9
0.9489 12
0.9489 19
0.9489 20
0.9493 11
0.9494 6
0.9494 24
0.9496 27
0.9498 16
0.9498 18
0.9502 5
0.9509 0
0.951 22
0.9511 1
0.9512 23
0.9514 2
0.9516 25
0.9517 9
0.9518 3
0.9518 21
0.9518 26
0.9519 14
0.9519 15
0.9519 17
0.952 7
0.9521 12
0.9521 13
0.9521 29
0.9523 16
0.9523 27
0.9525 19
0.9529 8
0.9534 11
0.954 22
0.9541 6
0.9541 24
0.9542 18
0.9546 0
0.9548 9
0.9548 16
0.955 27
0.9552 15
0.9553 1
0.9553 26
0.9554 3
0.9554 12
0.9554 14
0.9556 21
0.9559 7
0.956 19
0.956 20
0.956 23
0.956 29
0.9561 13
0.9562 17
0.9563 5
0.9565 2
0.957 22
0.9573 16
0.9575 11
0.9577 27
0.9579 9
0.9582 0
0.9582 10
0.9585 15
0.9586 12
0.9586 18
0.9587 26
0.9588 24
0.9589 3
0.9589 6
0.9589 14
0.9593 21
0.9594 1
0.9595 19
0.9598 16
0.9598 29
0.9599 7
0.96 8
0.9601 13
0.9601 22
0.9604 27
0.9605 17
0.9607 23
0.9609 9
0.9613 2
0.9616 11
0.9618 12
0.9618 15
0.9619 0
0.9622 26
0.9623 16
0.9624 3
0.9624 5
0.9624 14
0.9628 20
0.963 19
0.9631 18
0.9631 21
0.9631 27
0.9632 22
0.9635 24
0.9636 1
0.9636 6
0.9636 29
0.9638 7
0.964 9
0.9641 13
0.9648 16
0.9648 17
0.965 12
0.9651 15
0.9655 0
0.9655 23
0.9656 26
0.9658 11
0.9658 27
0.9659 3
0.9659 14
0.9661 25
0.9662 2
0.9663 22
0.9665 19
0.9669 21
0.9671 8
0.9671 9
0.9673 16
0.9674 29
0.9676 18
0.9677 7
0.9678 1
0.9681 10
0.9682 13
0.9683 6
0.9683 12
0.9683 24
0.9684 15
0.9685 27
0.9686 5
0.969 26
0.9691 0
0.9691 17
0.9693 3
0.9694 14
0.9694 22
0.9698 16
0.9698 20
0.9699 11
0.97 19
0.9701 9
0.9702 23
0.9706 21
0.971 2
0.9711 29
0.9712 27
0.9715 12
0.9716 7
0.9717 15
0.9718 1
0.972 18
0.9722 13
0.9723 16
0.9724 26
0.9725 22
0.9727 0
0.9728 3
0.973 14
0.9731 6
0.9731 9
0.9731 24
0.9734 17
0.9735 19
0.9739 27
0.974 11
0.9742 8
0.9743 21
0.9748 5
0.9748 12
0.9748 16
0.9749 23
0.9749 29
0.975 15
0.9755 7
0.9756 22
0.9758 26
0.9759 1
0.976 2
0.9761 9
0.9762 13
0.9763 0
0.9763 3
0.9764 18
0.9765 14
0.9766 27
0.9769 20
0.977 19
0.9773 16
0.9777 17
0.9779 6
0.9779 24
0.978 12
0.9781 11
0.9781 21
0.9782 10
0.9783 15
0.9786 29
0.9787 22
0.9791 9
0.9792 26
0.9793 27
0.9795 7
0.9796 23
0.9798 3
0.9798 16
0.9799 1
0.98 0
0.98 14
0.9802 13
0.9806 19
0.9808 2
0.9809 18
0.981 5
0.981 25
0.9812 12
0.9813 8
0.9816 15
0.9818 22
0.9819 21
0.982 17
0.982 27
0.9821 9
0.9822 11
0.9823 16
0.9824 29
0.9826 6
0.9826 26
0.9827 24
0.9833 3
0.9834 7
0.9834 14
0.9836 0
0.9837 20
0.984 1
0.9842 13
0.9842 19
0.9843 23
0.9845 12
0.9847 27
0.9848 16
0.9849 15
0.9849 22
0.9851 9
0.9853 18
0.9856 21
0.9857 2
0.986 26
0.9862 29
0.9863 11
0.9863 17
0.9868 3
0.9869 14
0.9872 0
0.9872 5
0.9873 16
0.9874 6
0.9874 7
0.9874 24
0.9874 27
0.9877 19
0.9878 12
0.988 22
0.9881 1
0.9881 10
0.9882 9
0.9882 15
0.9883 13
0.9884 8
0.989 23
0.9894 21
0.9894 26
0.9896 18
0.9898 16
0.99 29
0.9902 3
0.9902 27
0.9904 11
0.9904 14
0.9905 2
0.9906 17
0.9906 20
0.9908 0
0.991 12
0.9911 22
0.9912 19
0.9913 7
0.9913 9
0.9915 15
0.9921 6
0.9922 1
0.9922 24
0.9923 16
0.9924 13
0.9927 26
0.9929 27
0.9931 21
0.9934 5
0.9936 3
0.9936 23
0.9937 29
0.9939 14
0.9941 18
0.9942 12
0.9942 22
0.9944 9
0.9945 0
0.9946 11
0.9948 16
0.9948 19
0.9949 15
0.9949 17
0.9952 7
0.9954 2
0.9954 25
0.9955 8
0.9956 27
0.9961 26
0.9964 1
0.9964 13
0.9968 6
0.9969 21
0.997 24
0.9971 3
0.9973 16
0.9973 22
0.9974 9
0.9974 12
0.9974 14
0.9975 29
0.9977 20
0.9979 10
0.9981 0
0.9982 15
0.9983 23
0.9983 27
0.9984 19
0.9986 18
0.9987 11
0.999 7
0.9992 17
0.9994 26
0.9996 5
0.9998 16
