0.2163 0
0.2163 1
0.2163 2
0.2163 3
0.2163 4
0.2163 5
0.2163 6
0.2163 7
0.2163 8
0.2163 9
0.2217 2
0.2217 9
0.2221 3
0.2226 0
0.2226 1
0.2226 7
0.2227 8
0.2232 6
0.2233 5
0.2243 4
0.2262 2
0.2262 9
0.2269 3
0.228 0
0.228 1
0.228 7
0.2283 8
0.2294 6
0.2297 5
0.2304 9
0.2305 2
0.2313 3
0.2323 4
0.2327 16
0.2329 0
0.2329 1
0.2329 7
0.2336 8
0.2343 9
0.2345 2
0.2349 6
0.2354 3
0.2357 5
0.2373 16
0.2375 0
0.2376 1
0.2376 7
0.2382 9
0.2384 2
0.2386 8
0.2393 3
0.2398 6
0.2403 4
0.2414 5
0.2414 16
0.242 0
0.242 9
0.2421 1
0.2421 2
0.2422 7
0.2431 3
0.2433 8
0.2443 23
0.2444 6
0.2452 16
0.2456 9
0.2456 29
0.2458 2
0.2463 0
0.2464 1
0.2466 7
0.2468 3
0.2469 5
0.2475 20
0.2481 8
0.2482 4
0.2488 6
0.2488 16
0.2491 9
0.2493 2
0.2496 25
0.2504 1
0.2504 3
0.2505 0
0.2508 12
0.2509 7
0.2509 13
0.251 23
0.2512 29
0.2522 16
0.2524 5
0.2525 8
0.2525 9
0.2526 27
0.2528 2
0.2528 6
0.2538 3
0.2543 1
0.2544 20
0.2545 0
0.2549 7
0.2552 4
0.2555 16
0.2558 9
0.256 29
0.2562 2
0.2567 6
0.2567 8
0.2568 23
0.2572 3
0.2577 5
0.2577 25
0.2581 1
0.2585 0
0.2586 12
0.2587 16
0.2589 7
0.2589 13
0.2591 9
0.2595 2
0.2599 27
0.2602 20
0.2603 21
0.2604 3
0.2604 6
0.2604 29
0.2608 8
0.2609 22
0.2617 4
0.2618 1
0.2618 16
0.2619 23
0.2622 9
0.2624 0
0.2625 14
0.2627 5
0.2627 7
0.2628 2
0.2636 3
0.2641 6
0.2644 25
0.2644 29
0.2648 8
0.2649 16
0.2652 12
0.2653 9
0.2655 1
0.2655 20
0.2655 27
0.2657 13
0.2661 2
0.2663 0
0.2664 7
0.2667 3
0.2667 23
0.2676 5
0.2677 4
0.2677 6
0.2679 16
0.2682 29
0.2684 9
0.2687 8
0.269 1
0.2693 2
0.2694 22
0.2698 3
0.27 7
0.2701 0
0.2701 21
0.2703 20
0.2705 25
0.2707 27
0.2709 14
0.2709 16
0.2712 6
0.2712 12
0.2712 15
0.2712 23
0.2714 9
0.2718 13
0.2718 29
0.2722 5
0.2724 1
0.2725 2
0.2726 8
0.2728 3
0.2734 4
0.2735 7
0.2738 0
0.2738 16
0.2743 9
0.2746 6
0.2748 20
0.2753 27
0.2753 29
0.2754 26
0.2755 23
0.2756 22
0.2757 2
0.2758 1
0.2759 3
0.2762 25
0.2764 8
0.2764 12
0.2767 16
0.2768 5
0.277 7
0.2772 9
0.2775 0
0.2776 13
0.2776 15
0.2777 14
0.278 6
0.2782 21
0.2787 29
0.2788 2
0.2789 3
0.279 4
0.2792 1
0.2792 20
0.2795 16
0.2796 23
0.2797 27
0.2801 8
0.2801 9
0.2804 7
0.2804 11
0.2809 22
0.2811 0
0.2811 12
0.2812 5
0.2814 6
0.2817 25
0.2819 2
0.2819 3
0.282 29
0.2823 16
0.2826 1
0.2826 18
0.2827 13
0.2827 15
0.2829 9
0.2832 19
0.2832 26
0.2834 20
0.2837 7
0.2837 23
0.2837 24
0.2838 8
0.2838 27
0.2839 14
0.2844 4
0.2846 0
0.2847 6
0.2848 3
0.285 2
0.2851 16
0.2853 12
0.2853 29
0.2854 21
0.2855 5
0.2856 22
0.2857 9
0.2859 1
0.2869 7
0.2869 25
0.2873 15
0.2873 20
0.2874 8
0.2876 13
0.2876 23
0.2877 3
0.2877 27
0.2879 16
0.288 2
0.288 6
0.2881 0
0.2885 9
0.2885 29
0.289 26
0.2891 1
0.2891 11
0.2893 12
0.2895 14
0.2896 4
0.2897 5
0.2897 18
0.29 22
0.2902 7
0.2906 3
0.2906 16
0.291 2
0.291 8
0.2911 20
0.2912 9
0.2912 19
0.2913 6
0.2914 27
0.2915 0
0.2915 15
0.2916 23
0.2917 29
0.2919 25
0.2921 21
0.2921 24
0.2922 1
0.2922 13
0.293 12
0.2933 16
0.2934 7
0.2935 3
0.2938 5
0.2939 9
0.294 2
0.294 22
0.294 26
0.2945 6
0.2945 8
0.2946 17
0.2947 4
0.2947 14
0.2948 20
0.2948 29
0.2949 0
0.2951 27
0.2953 1
0.2954 18
0.2954 23
0.2956 15
0.296 16
0.2963 11
0.2964 3
0.2966 7
0.2966 9
0.2966 12
0.2967 13
0.2967 25
0.2969 2
0.2976 19
0.2977 6
0.2979 5
0.2979 21
0.2979 29
0.298 8
0.298 22
0.2982 0
0.2983 20
0.2984 1
0.2986 27
0.2987 16
0.2987 26
0.2989 24
0.2991 23
0.2992 3
0.2993 9
0.2994 14
0.2995 15
0.2997 4
0.2998 2
0.2998 7
0.3001 12
0.3003 18
0.301 29
0.3011 13
0.3014 16
0.3015 25
0.3018 20
0.3018 22
0.3019 6
0.3021 27
0.3023 9
0.3025 1
0.3025 3
0.3026 17
0.3027 11
0.3029 23
0.3032 15
0.3032 26
0.3034 0
0.3034 2
0.3034 19
0.3036 12
0.3036 21
0.3039 8
0.3041 16
0.3041 29
0.3042 7
0.3042 14
0.3048 18
0.305 24
0.3053 9
0.3053 20
0.3055 22
0.3055 27
0.3057 3
0.3057 13
0.3063 6
0.3064 1
0.3067 23
0.3068 15
0.3068 16
0.3069 25
0.3071 2
0.3071 12
0.3072 29
0.3074 26
0.3083 9
0.3085 0
0.3087 7
0.3089 20
0.309 3
0.309 11
0.309 14
0.309 19
0.309 27
0.3093 18
0.3093 21
0.3093 22
0.3094 17
0.3095 16
0.3103 1
0.3103 15
0.3103 29
0.3105 23
0.3106 12
0.3107 6
0.3107 13
0.3108 8
0.3109 2
0.3109 24
0.3113 9
0.3115 26
0.3122 3
0.3122 16
0.3124 20
0.3125 27
0.313 22
0.313 25
0.3132 7
0.3135 18
0.3135 29
0.3136 0
0.3137 14
0.3138 5
0.3138 15
0.3142 12
0.3143 1
0.3144 9
0.3144 19
0.3144 23
0.3148 2
0.3149 16
0.3149 21
0.315 11
0.3151 6
0.3154 3
0.3155 17
0.3155 26
0.3158 13
0.3159 20
0.316 27
0.3166 22
0.3166 24
0.3166 29
0.3172 15
0.3175 9
0.3175 18
0.3176 16
0.3177 7
0.3177 12
0.3182 1
0.3183 23
0.3185 14
0.3187 2
0.3187 3
0.3189 8
0.3191 0
0.3193 25
0.3195 6
0.3195 20
0.3195 26
0.3196 27
0.3197 19
0.3198 29
0.3202 22
0.3203 16
0.3204 21
0.3206 9
0.3206 15
0.3208 11
0.3211 13
0.3211 17
0.3212 12
0.3216 18
0.322 3
0.3221 1
0.3221 24
0.3222 23
0.3223 7
0.3227 2
0.323 16
0.323 29
0.3231 27
0.3232 14
0.3232 20
0.3234 26
0.3237 9
0.3238 6
0.3238 22
0.324 15
0.3245 0
0.3246 12
0.3249 19
0.3253 3
0.3256 18
0.3257 16
0.3258 21
0.326 1
0.3262 23
0.3262 29
0.3265 11
0.3265 17
0.3265 25
0.3266 27
0.3267 13
0.3268 2
0.3268 9
0.3269 20
0.3271 7
0.3273 22
0.3273 26
0.3274 15
0.3276 24
0.328 12
0.3281 14
0.3282 6
0.3284 16
0.3286 3
0.3289 8
0.3294 18
0.3294 29
0.3299 9
0.33 1
0.33 19
0.3302 0
0.3302 27
0.3303 23
0.3306 20
0.3308 15
0.3309 2
0.3309 22
0.3311 16
0.3311 26
0.3313 21
0.3314 12
0.3317 17
0.3319 3
0.332 7
0.3322 11
0.3326 13
0.3326 29
0.3327 6
0.3328 14
0.333 9
0.3331 24
0.3333 18
0.3337 27
0.3338 16
0.3339 1
0.3341 15
0.3343 20
0.3343 23
0.3344 22
0.3348 12
0.3349 26
0.335 2
0.335 25
0.3351 19
0.3352 3
0.3359 0
0.3359 29
0.3362 9
0.3365 16
0.3368 17
0.3368 21
0.337 7
0.3371 6
0.3373 18
0.3373 27
0.3375 15
0.3377 14
0.3378 1
0.3379 11
0.3379 22
0.338 20
0.3382 12
0.3382 23
0.3385 3
0.3386 24
0.3387 13
0.3387 26
0.3391 29
0.3392 2
0.3392 16
0.3393 9
0.3402 19
0.3408 15
0.3409 27
0.3412 18
0.3415 6
0.3415 22
0.3417 12
0.3417 20
0.3418 1
0.3418 17
0.3419 3
0.342 0
0.342 16
0.3421 7
0.3423 21
0.3424 23
0.3424 26
0.3424 29
0.3425 9
0.3428 14
0.3434 2
0.3435 11
0.3441 15
0.3441 24
0.3444 27
0.3447 16
0.345 18
0.345 22
0.345 25
0.3451 12
0.3451 13
0.3452 3
0.3452 19
0.3453 8
0.3455 20
0.3457 9
0.3458 1
0.3458 29
0.346 6
0.3461 26
0.3465 23
0.3466 17
0.3472 7
0.3474 15
0.3474 16
0.3477 2
0.3477 14
0.3477 21
0.348 27
0.3481 0
0.3485 3
0.3485 12
0.3485 22
0.3488 18
0.3489 9
0.3491 11
0.3491 29
0.3492 20
0.3495 24
0.3498 1
0.3499 26
0.3501 16
0.3502 19
0.3505 6
0.3505 23
0.3507 15
0.3513 17
0.3516 27
0.3517 13
0.3519 12
0.352 3
0.352 22
0.3521 2
0.3522 9
0.3524 7
0.3525 18
0.3525 29
0.3527 14
0.3528 16
0.3529 20
0.3531 21
0.3536 26
0.3537 1
0.354 15
0.3544 0
0.3546 23
0.3547 11
0.3549 24
0.355 6
0.3552 19
0.3552 27
0.3553 12
0.3554 3
0.3554 9
0.3555 16
0.3555 22
0.3559 29
0.3561 17
0.3563 18
0.3565 2
0.3566 20
0.3573 15
0.3573 25
0.3573 26
0.3576 7
0.3577 1
0.3578 14
0.3583 16
0.3585 13
0.3585 21
0.3587 9
0.3587 12
0.3588 3
0.3588 23
0.3588 27
0.359 22
0.3592 29
0.3596 6
0.3601 18
0.3602 11
0.3603 19
0.3604 20
0.3604 24
0.3606 15
0.3609 2
0.3609 17
0.361 26
0.3611 16
0.3612 0
0.3617 1
0.362 9
0.3621 12
0.3622 3
0.3624 27
0.3625 22
0.3626 29
0.3628 7
0.363 14
0.363 23
0.3639 15
0.3639 16
0.3639 18
0.3639 21
0.3642 6
0.3642 20
0.3648 26
0.3653 9
0.3654 2
0.3655 12
0.3655 19
0.3656 3
0.3656 13
0.3657 1
0.3657 17
0.3658 11
0.3659 27
0.3659 29
0.366 22
0.3661 24
0.3666 16
0.3672 15
0.3672 23
0.3676 18
0.368 7
0.368 20
0.3683 0
0.3683 14
0.3685 26
0.3686 9
0.3688 6
0.3689 12
0.369 3
0.3693 21
0.3693 29
0.3694 16
0.3695 22
0.3695 27
0.3697 1
0.3699 2
0.3704 17
0.3705 15
0.3707 19
0.3714 11
0.3714 18
0.3714 23
0.3718 20
0.3718 24
0.3719 9
0.3722 16
0.3722 26
0.3723 12
0.3725 3
0.3727 29
0.373 22
0.3731 13
0.3731 27
0.3732 7
0.3735 6
0.3736 14
0.3737 1
0.3738 15
0.3741 25
0.3744 2
0.3748 21
0.375 16
0.3751 17
0.3751 18
0.3752 9
0.3757 0
0.3757 12
0.3757 20
0.3758 19
0.3758 23
0.3759 3
0.376 26
0.3761 29
0.3765 22
0.3767 27
0.377 11
0.3771 15
0.3774 24
0.3777 1
0.3778 16
0.3782 6
0.3785 7
0.3786 9
0.3788 18
0.379 2
0.379 14
0.3791 12
0.3794 3
0.3795 29
0.3796 20
0.3797 17
0.3798 26
0.38 22
0.3802 21
0.3802 23
0.3803 27
0.3804 15
0.3806 16
0.3808 13
0.381 19
0.3817 1
0.382 9
0.3826 11
0.3826 12
0.3826 18
0.3829 3
0.3829 6
0.383 29
0.3831 24
0.3834 16
0.3834 20
0.3835 2
0.3835 22
0.3835 26
0.3836 0
0.3837 15
0.3839 7
0.3839 27
0.3843 17
0.3845 14
0.3846 23
0.3854 9
0.3856 21
0.3858 1
0.3861 12
0.3862 16
0.3862 19
0.3863 3
0.3864 18
0.3864 29
0.387 15
0.387 22
0.3872 20
0.3873 26
0.3875 27
0.3877 6
0.388 2
0.3882 11
0.3888 9
0.3888 13
0.389 16
0.389 17
0.389 24
0.3891 23
0.3893 7
0.3895 12
0.3898 3
0.3898 29
0.3899 1
0.39 14
0.3901 18
0.3903 15
0.3906 22
0.391 21
0.3911 20
0.3911 26
0.3912 27
0.3914 19
0.3916 0
0.3918 16
0.3921 9
0.3924 6
0.3925 2
0.393 12
0.3932 29
0.3933 3
0.3935 23
0.3936 15
0.3938 17
0.3939 1
0.3939 11
0.394 18
0.3941 22
0.3946 7
0.3946 16
0.3947 10
0.3948 24
0.3948 27
0.3949 20
0.3949 26
0.3954 14
0.3955 9
0.3964 12
0.3964 21
0.3966 29
0.3967 3
0.3967 19
0.3968 15
0.3971 2
0.3974 6
0.3974 13
0.3974 16
0.3976 22
0.3978 1
0.3979 18
0.398 23
0.3983 17
0.3984 27
0.3985 26
0.3987 20
0.3989 9
0.3996 0
0.3996 11
0.3998 12
0.3999 7
0.4001 15
0.4001 29
0.4002 3
0.4002 16
0.4005 14
0.4005 24
0.4011 22
0.4017 18
0.4018 1
0.4018 2
0.4018 21
0.402 19
0.402 27
0.4022 6
0.4022 26
0.4023 9
0.4025 23
0.4026 20
0.4028 17
0.4028 25
0.403 16
0.4032 12
0.4034 15
0.4035 29
0.4036 3
0.4046 22
0.4052 7
0.4053 11
0.4056 18
0.4057 14
0.4057 27
0.4058 9
0.4058 16
0.4059 1
0.4059 26
0.4062 13
0.4065 2
0.4065 24
0.4066 12
0.4066 20
0.4067 15
0.407 3
0.407 29
0.4071 6
0.4072 23
0.4073 17
0.4073 19
0.4073 21
0.4079 0
0.4081 22
0.4086 16
0.4092 9
0.4093 18
0.4093 27
0.4096 26
0.41 1
0.41 15
0.4101 12
0.4105 3
0.4105 20
0.4105 29
0.4106 7
0.411 14
0.4111 2
0.4111 11
0.4114 16
0.4116 22
0.4117 23
0.4119 17
0.412 6
0.4124 24
0.4126 9
0.4126 19
0.4128 21
0.413 27
0.4131 18
0.4133 15
0.4133 26
0.4135 12
0.414 1
0.414 3
0.414 29
0.4142 16
0.4143 20
0.4151 22
0.4154 13
0.4157 2
0.4161 7
0.4161 9
0.4164 0
0.4164 23
0.4165 14
0.4166 17
0.4167 15
0.4168 27
0.4169 6
0.4169 11
0.417 12
0.417 16
0.417 18
0.4171 26
0.4174 3
0.4175 29
0.4179 19
0.4181 1
0.4182 20
0.4182 24
0.4183 21
0.4186 22
0.4195 9
0.4198 16
0.42 15
0.4204 2
0.4205 12
0.4205 27
0.4208 26
0.4209 3
0.4209 18
0.4209 23
0.421 29
0.4213 17
0.4216 7
0.4219 6
0.422 14
0.4221 20
0.4221 22
0.4223 1
0.4226 16
0.4227 11
0.423 9
0.4232 19
0.4233 15
0.4238 21
0.4239 12
0.4243 24
0.4243 27
0.4244 3
0.4244 29
0.4245 26
0.4247 18
0.4249 13
0.4251 0
0.4251 2
0.4254 16
0.4256 22
0.4256 23
0.4259 17
0.426 20
0.4261 10
0.4265 1
0.4265 9
0.4266 15
0.4268 6
0.4271 7
0.4274 12
0.4274 14
0.4279 3
0.4279 27
0.4279 29
0.4281 26
0.4282 16
0.4285 18
0.4285 19
0.4286 11
0.4291 22
0.4293 21
0.4298 2
0.4298 15
0.43 9
0.43 20
0.4303 17
0.4303 23
0.4303 24
0.4305 1
0.4309 12
0.431 16
0.4314 3
0.4314 29
0.4316 27
0.4317 26
0.4318 6
0.4324 18
0.4326 7
0.4326 14
0.4327 22
0.4331 15
0.4336 9
0.4337 0
0.4338 16
0.4338 19
0.434 20
0.4344 12
0.4345 1
0.4345 2
0.4345 11
0.4348 13
0.4348 17
0.4349 3
0.4349 21
0.4349 29
0.4351 23
0.4353 26
0.4353 27
0.4362 18
0.4362 22
0.4364 15
0.4364 24
0.4366 16
0.4368 6
0.437 9
0.4378 12
0.4379 14
0.438 20
0.4381 7
0.4384 29
0.4385 3
0.4386 1
0.439 26
0.439 27
0.4392 2
0.4392 19
0.4394 16
0.4394 17
0.4397 15
0.4398 22
0.4399 23
0.4401 18
0.4404 11
0.4405 9
0.4405 21
0.4412 12
0.4419 6
0.4419 20
0.4419 29
0.442 3
0.4422 16
0.4423 0
0.4426 24
0.4427 1
0.4427 26
0.4427 27
0.443 15
0.4433 14
0.4434 22
0.4437 7
0.444 2
0.444 17
0.444 18
0.4441 9
0.4446 12
0.4446 19
0.4446 23
0.4447 13
0.445 16
0.4454 3
0.4454 29
0.4458 20
0.4461 21
0.4463 11
0.4463 15
0.4464 26
0.4464 27
0.4467 1
0.4469 6
0.4469 22
0.4475 9
0.4478 16
0.4478 18
0.448 12
0.4486 17
0.4486 24
0.4487 2
0.4488 14
0.4489 29
0.449 3
0.4493 7
0.4493 23
0.4496 15
0.4497 20
0.45 19
0.4501 27
0.4502 26
0.4504 22
0.4507 16
0.4508 0
0.4508 1
0.4511 9
0.4515 12
0.4517 21
0.4518 18
0.452 6
0.4522 11
0.4524 29
0.4525 3
0.4529 15
0.4533 17
0.4534 2
0.4535 16
0.4537 20
0.4537 27
0.4539 22
0.4539 23
0.454 26
0.4543 14
0.4545 13
0.4547 9
0.4549 7
0.4549 24
0.455 12
0.4551 1
0.4551 10
0.4554 19
0.4557 18
0.4559 29
0.456 3
0.4562 15
0.4563 16
0.457 6
0.4573 21
0.4574 22
0.4574 27
0.4577 20
0.4577 26
0.4578 17
0.4581 2
0.4581 11
0.4582 9
0.4585 12
0.4588 23
0.4591 1
0.4591 16
0.4594 14
0.4594 29
0.4595 0
0.4595 3
0.4595 15
0.4595 18
0.4604 7
0.4607 19
0.461 22
0.461 24
0.461 27
0.4614 26
0.4617 9
0.4617 20
0.4619 16
0.462 12
0.4621 6
0.4623 17
0.4628 15
0.4629 2
0.4629 21
0.4629 29
0.463 3
0.4631 1
0.4635 18
0.4636 23
0.464 11
0.4645 22
0.4646 14
0.4646 27
0.4647 16
0.4648 13
0.4652 9
0.4652 26
0.4654 12
0.4657 20
0.4659 7
0.466 15
0.466 19
0.4664 29
0.4665 3
0.4668 17
0.4671 1
0.4671 6
0.4672 24
0.4674 18
0.4675 16
0.4677 2
0.468 22
0.4683 0
0.4684 27
0.4685 21
0.4686 23
0.4687 9
0.4688 12
0.469 26
0.4694 15
0.4696 20
0.4698 14
0.4699 29
0.47 3
0.47 11
0.4703 16
0.4713 1
0.4713 18
0.4713 19
0.4714 17
0.4715 7
0.4716 22
0.4722 6
0.4722 9
0.4722 27
0.4723 12
0.4725 2
0.4727 15
0.4728 26
0.4731 16
0.4734 23
0.4734 29
0.4735 3
0.4735 20
0.4735 24
0.4741 21
0.4751 14
0.4751 22
0.4753 18
0.4754 1
0.4755 13
0.4758 9
0.4759 11
0.4759 12
0.476 16
0.476 27
0.4761 15
0.4762 17
0.4766 26
0.4767 19
0.477 3
0.477 29
0.4772 2
0.4772 7
0.4773 0
0.4773 6
0.4775 20
0.4782 23
0.4786 22
0.4788 16
0.4792 18
0.4793 9
0.4794 12
0.4794 15
0.4795 1
0.4795 24
0.4797 21
0.4798 27
0.4804 26
0.4805 14
0.4805 29
0.4806 3
0.4809 17
0.4815 20
0.4817 16
0.4818 11
0.4819 2
0.4821 19
0.4822 22
0.4824 6
0.4827 15
0.4829 7
0.4829 9
0.4829 12
0.483 23
0.4831 18
0.4836 1
0.4836 27
0.484 29
0.4841 3
0.4841 26
0.4845 16
0.4854 21
0.4855 20
0.4856 17
0.4858 22
0.486 14
0.486 24
0.4861 15
0.4863 0
0.4864 13
0.4865 9
0.4865 12
0.4867 2
0.4871 10
0.4871 18
0.4873 16
0.4874 27
0.4875 19
0.4876 3
0.4876 6
0.4876 29
0.4877 11
0.4878 1
0.4878 23
0.4878 26
0.4885 7
0.4893 22
0.4894 15
0.4895 20
0.49 9
0.49 12
0.49 17
0.4901 16
0.491 18
0.4911 14
0.4911 21
0.4911 29
0.4912 3
0.4912 27
0.4914 26
0.4915 2
0.4918 1
0.4922 24
0.4926 23
0.4927 15
0.4928 6
0.4929 16
0.4929 19
0.4929 22
0.4935 12
0.4935 20
0.4936 9
0.4936 11
0.4941 7
0.4946 17
0.4946 29
0.4947 3
0.4949 18
0.495 26
0.495 27
0.4952 0
0.4957 16
0.4958 1
0.496 15
0.4963 2
0.4963 14
0.4965 22
0.4968 21
0.497 12
0.4972 9
0.4972 13
0.4975 23
0.4976 20
0.498 6
0.4982 3
0.4982 19
0.4982 29
0.4985 16
0.4987 24
0.4987 26
0.4987 27
0.4989 18
0.4993 15
0.4993 17
0.4994 11
0.4997 7
0.4999 1
0.5 22
0.5004 12
0.5007 9
0.5011 2
0.5013 16
0.5016 14
0.5016 20
0.5017 3
0.5018 29
0.5024 21
0.5025 23
0.5025 26
0.5025 27
0.5026 15
0.5029 18
0.5031 6
0.5035 19
0.5036 22
0.5039 12
0.504 0
0.504 17
0.5041 1
0.5042 16
0.5043 9
0.5052 11
0.5052 24
0.5053 3
0.5053 29
0.5054 7
0.5056 20
0.5059 2
0.5059 15
0.5062 26
0.5062 27
0.5069 18
0.507 14
0.507 16
0.5071 22
0.5073 23
0.5074 12
0.5079 9
0.5079 13
0.5081 21
0.5083 1
0.5084 6
0.5086 17
0.5088 3
0.5088 19
0.5089 29
0.5092 15
0.5096 20
0.5098 16
0.5099 27
0.51 26
0.5106 22
0.5107 2
0.5108 18
0.5109 12
0.511 11
0.5111 7
0.5114 24
0.5115 9
0.5122 23
0.5123 3
0.5125 1
0.5125 14
0.5125 15
0.5125 29
0.5126 16
0.5128 0
0.5132 17
0.5135 6
0.5136 20
0.5138 21
0.5138 26
0.5138 27
0.5141 19
0.5142 22
0.5144 12
0.5147 18
0.5151 9
0.5155 2
0.5155 16
0.5158 15
0.5159 3
0.516 29
0.5167 1
0.5168 7
0.5169 11
0.5169 23
0.5176 20
0.5176 26
0.5176 27
0.5177 22
0.5179 12
0.5179 17
0.518 24
0.5181 14
0.5184 16
0.5186 9
0.5187 18
0.5188 6
0.5189 13
0.5191 15
0.5194 3
0.5195 19
0.5195 21
0.5195 29
0.5203 2
0.5209 1
0.5212 22
0.5213 16
0.5214 12
0.5214 26
0.5214 27
0.5216 20
0.5217 0
0.5218 23
0.5222 9
0.5225 7
0.5225 15
0.5228 17
0.5228 18
0.5229 11
0.523 3
0.523 29
0.5238 14
0.524 6
0.5241 16
0.5244 24
0.5248 22
0.5249 12
0.525 19
0.5252 1
0.5252 2
0.5252 21
0.5252 27
0.5253 26
0.5257 20
0.5258 9
0.5258 15
0.5265 3
0.5265 29
0.5266 23
0.5268 18
0.5269 16
0.5276 17
0.5282 7
0.5284 22
0.5285 12
0.5289 11
0.5291 27
0.5292 15
0.5292 26
0.5293 6
0.5294 9
0.5295 1
0.5295 14
0.5298 16
0.5298 20
0.5301 2
0.5301 3
0.5301 29
0.5303 13
0.5306 19
0.5307 0
0.5307 18
0.5309 21
0.531 24
0.5315 23
0.5319 22
0.532 12
0.5324 17
0.5326 15
0.5327 16
0.5328 27
0.533 9
0.5331 26
0.5335 10
0.5337 3
0.5337 29
0.5338 1
0.5338 20
0.5339 7
0.5345 6
0.5347 18
0.535 2
0.535 11
0.535 14
0.5355 12
0.5355 16
0.5355 22
0.5359 15
0.5361 19
0.5365 23
0.5365 27
0.5366 9
0.5367 21
0.5369 17
0.5369 26
0.5372 3
0.5373 29
0.5374 24
0.5378 20
0.5379 1
0.5383 16
0.5387 18
0.5391 12
0.5391 22
0.5392 15
0.5397 7
0.5398 6
0.5399 0
0.5399 2
0.5402 9
0.5403 27
0.5404 14
0.5407 26
0.5408 3
0.5409 29
0.5411 11
0.5411 16
0.5414 23
0.5415 17
0.5416 19
0.5418 13
0.5418 20
0.5421 1
0.5425 15
0.5425 21
0.5427 12
0.5427 18
0.5427 22
0.5437 9
0.5439 24
0.544 16
0.544 27
0.5444 3
0.5444 26
0.5445 29
0.5447 2
0.5449 6
0.5455 7
0.5458 20
0.5459 15
0.546 14
0.5462 17
0.5463 1
0.5463 12
0.5463 22
0.5463 23
0.5467 18
0.5469 16
0.5471 19
0.5472 11
0.5473 9
0.5478 27
0.5479 3
0.548 29
0.5481 26
0.5483 21
0.5492 0
0.5493 15
0.5495 2
0.5498 16
0.5499 12
0.5499 20
0.5499 22
0.5502 6
0.5505 24
0.5506 1
0.5508 18
0.5509 17
0.551 9
0.5511 23
0.5513 7
0.5515 3
0.5515 27
0.5515 29
0.5517 14
0.5519 26
0.5526 19
0.5527 15
0.5527 16
0.5533 11
0.5535 12
0.5535 22
0.5536 13
0.554 20
0.5541 21
0.5545 2
0.5546 9
0.5548 1
0.5548 18
0.5551 3
0.5551 29
0.5554 27
0.5555 6
0.5555 16
0.5556 17
0.5557 26
0.556 23
0.5561 15
0.5569 24
0.557 12
0.5571 7
0.5571 22
0.5574 14
0.5581 20
0.5582 9
0.5582 19
0.5584 16
0.5585 0
0.5587 3
0.5587 29
0.5588 18
0.5591 1
0.5593 27
0.5595 2
0.5595 11
0.5595 15
0.5595 26
0.5599 21
0.5604 17
0.5605 12
0.5607 22
0.5608 6
0.5609 23
0.5612 16
0.5618 9
0.5621 20
0.5623 3
0.5623 29
0.5628 18
0.5629 7
0.5629 15
0.5631 14
0.5631 27
0.5634 1
0.5634 26
0.5636 24
0.5638 19
0.564 12
0.5641 16
0.5643 22
0.5644 2
0.5653 17
0.5655 9
0.5658 11
0.5658 21
0.5659 3
0.5659 29
0.566 23
0.5661 20
0.5663 6
0.5663 13
0.5663 15
0.5669 18
0.567 16
0.5671 27
0.5672 26
0.5675 12
0.5677 0
0.5677 1
0.5679 22
0.5687 7
0.5689 14
0.5691 9
0.5693 2
0.5695 3
0.5695 29
0.5696 19
0.5697 15
0.5699 16
0.5701 24
0.5702 17
0.5702 20
0.5709 23
0.571 18
0.571 26
0.5711 12
0.5711 27
0.5715 22
0.5716 6
0.5717 21
0.5719 1
0.5721 11
0.5727 9
0.5728 16
0.5731 15
0.5731 29
0.5732 3
0.5742 2
0.5744 20
0.5746 7
0.5746 12
0.5748 14
0.5749 26
0.575 27
0.5751 17
0.5751 18
0.5751 22
0.5753 19
0.5757 16
0.5759 23
0.5762 1
0.5764 9
0.5765 15
0.5767 29
0.5768 3
0.5769 0
0.577 24
0.5771 6
0.5776 21
0.5782 12
0.5783 11
0.5785 20
0.5786 16
0.5787 22
0.5788 13
0.5788 26
0.5788 27
0.5791 2
0.5792 18
0.5798 15
0.58 9
0.58 17
0.5803 29
0.5805 3
0.5805 7
0.5807 1
0.5807 23
0.5808 14
0.581 19
0.5815 16
0.5818 12
0.5823 6
0.5823 22
0.5826 20
0.5827 26
0.5828 27
0.5832 15
0.5833 18
0.5835 21
0.5836 24
0.5837 9
0.5839 29
0.5841 2
0.5842 3
0.5844 16
0.5846 11
0.585 1
0.585 17
0.5854 12
0.5857 23
0.586 22
0.5862 0
0.5864 7
0.5866 15
0.5867 20
0.5867 26
0.5867 27
0.5868 14
0.5868 19
0.5873 9
0.5873 16
0.5874 18
0.5875 29
0.5878 3
0.5878 6
0.589 12
0.5891 2
0.5892 1
0.5895 21
0.5897 22
0.59 17
0.5901 15
0.5902 16
0.5906 27
0.5907 23
0.5907 26
0.5908 20
0.5909 24
0.591 9
0.591 11
0.5911 29
0.5915 3
0.5915 13
0.5916 18
0.5923 7
0.5926 12
0.5926 19
0.5928 14
0.5931 16
0.5932 6
0.5934 22
0.5935 1
0.5935 15
0.5941 2
0.5946 9
0.5946 26
0.5946 27
0.5947 29
0.5949 17
0.5949 20
0.5951 3
0.5955 21
0.5956 0
0.5956 18
0.5959 23
0.596 16
0.5962 12
0.5969 15
0.5971 22
0.5973 11
0.5977 24
0.598 1
0.5982 7
0.5983 9
0.5984 19
0.5984 29
0.5985 27
0.5986 26
0.5987 6
0.5988 14
0.5989 3
0.5989 16
0.5991 2
0.5991 20
0.5997 18
0.5998 12
0.5999 17
0.6003 15
0.6007 22
0.6009 23
0.6015 21
0.6018 16
0.6021 9
0.6021 29
0.6024 1
0.6025 26
0.6025 27
0.6026 3
0.6033 20
0.6035 12
0.6037 11
0.6038 15
0.6041 18
0.6042 2
0.6042 7
0.6043 19
0.6044 6
0.6044 22
0.6047 16
0.6049 14
0.6049 17
0.6051 24
0.6052 0
0.6053 13
0.6057 29
0.6058 9
0.606 23
0.6062 3
0.6064 26
0.6064 27
0.6067 1
0.6071 12
0.6073 15
0.6074 20
0.6075 21
0.6076 16
0.6081 22
0.6082 18
0.6092 2
0.6093 29
0.6095 9
0.6098 6
0.61 3
0.61 17
0.6102 11
0.6102 19
0.6103 7
0.6103 27
0.6104 26
0.6105 16
0.6108 12
0.6108 15
0.611 23
0.6111 14
0.6112 1
0.6115 20
0.6117 22
0.612 24
0.6122 18
0.6129 29
0.6132 9
0.6135 16
0.6136 21
0.6137 3
0.6142 2
0.6143 15
0.6144 26
0.6144 27
0.6145 12
0.615 0
0.615 17
0.6154 6
0.6154 22
0.6157 20
0.6158 1
0.616 19
0.616 23
0.6163 7
0.6164 16
0.6165 18
0.6166 29
0.6168 11
0.617 9
0.6173 14
0.6174 3
0.6178 15
0.6181 12
0.6183 26
0.6183 27
0.6188 13
0.6191 22
0.6192 2
0.6193 16
0.6194 24
0.6198 21
0.6199 20
0.62 17
0.6203 1
0.6203 29
0.6207 9
0.6207 18
0.6209 6
0.6211 3
0.6211 23
0.6213 15
0.6217 12
0.6218 19
0.6222 16
0.6222 26
0.6223 7
0.6223 27
0.6228 22
0.6234 14
0.6235 11
0.6239 29
0.624 20
0.6244 2
0.6244 9
0.6247 1
0.6247 15
0.6248 3
0.625 18
0.6251 0
0.6251 16
0.6252 17
0.6254 12
0.626 21
0.6261 26
0.6263 23
0.6264 6
0.6264 24
0.6264 27
0.6265 22
0.6276 19
0.6276 29
0.628 16
0.6282 9
0.6282 15
0.6282 20
0.6284 7
0.6286 3
0.6291 12
0.6292 1
0.6293 18
0.6296 2
0.6296 14
0.6299 26
0.6301 22
0.6302 11
0.6304 17
0.6304 27
0.6309 16
0.6313 29
0.6315 23
0.6316 15
0.632 9
0.6321 6
0.6322 21
0.6323 3
0.6324 20
0.6328 12
0.6334 19
0.6335 18
0.6337 1
0.6337 13
0.6338 16
0.6338 22
0.6338 26
0.634 24
0.6344 27
0.6346 7
0.6348 2
0.6349 29
0.6351 15
0.6354 0
0.6355 17
0.6357 9
0.6359 14
0.6361 3
0.6365 12
0.6366 20
0.6367 16
0.6367 23
0.6369 11
0.6375 6
0.6375 22
0.6377 18
0.6377 26
0.6381 1
0.6384 21
0.6384 27
0.6385 15
0.6385 29
0.6392 19
0.6394 9
0.6396 16
0.6399 2
0.6399 3
0.6401 12
0.6405 17
0.6408 7
0.6408 20
0.6411 24
0.6412 22
0.6416 26
0.6418 23
0.642 15
0.642 18
0.6421 14
0.6422 29
0.6425 1
0.6425 27
0.6426 16
0.6432 6
0.6432 9
0.6436 3
0.6437 11
0.6438 12
0.6446 21
0.645 2
0.645 22
0.6451 20
0.6452 19
0.6455 15
0.6455 16
0.6456 17
0.6457 0
0.6457 26
0.6459 29
0.6463 18
0.6465 27
0.647 7
0.647 9
0.647 23
0.6471 1
0.6474 3
0.6475 12
0.6483 14
0.6484 16
0.6487 22
0.6489 24
0.649 6
0.649 15
0.6493 20
0.6495 13
0.6496 29
0.6497 26
0.6501 2
0.6506 11
0.6506 27
0.6507 18
0.6509 9
0.6509 17
0.651 21
0.6511 19
0.6512 3
0.6512 12
0.6514 16
0.6517 1
0.6523 23
0.6524 22
0.6525 15
0.6532 7
0.6533 29
0.6534 20
0.6537 26
0.6544 16
0.6546 6
0.6546 9
0.6546 14
0.6548 27
0.655 3
0.655 12
0.655 18
0.6553 2
0.656 15
0.6561 0
0.6561 24
0.6562 1
0.6562 17
0.6562 22
0.657 19
0.657 29
0.6573 16
0.6574 21
0.6576 11
0.6576 20
0.6576 23
0.6577 26
0.6584 9
0.6587 12
0.6588 3
0.6589 27
0.6593 18
0.6595 7
0.6595 15
0.6599 22
0.6603 16
0.6604 6
0.6606 2
0.6607 1
0.6607 29
0.661 14
0.6613 17
0.6618 26
0.6619 20
0.6622 9
0.6624 12
0.6625 3
0.663 15
0.663 19
0.663 23
0.6631 27
0.6632 16
0.6637 18
0.6637 21
0.6637 22
0.6641 24
0.6644 29
0.6645 11
0.6653 1
0.6659 2
0.6659 26
0.666 7
0.6661 9
0.6661 12
0.6662 16
0.6662 20
0.6664 3
0.6665 6
0.6665 17
0.6666 15
0.6667 0
0.6673 27
0.6674 14
0.6675 22
0.6676 13
0.668 29
0.6681 18
0.6683 23
0.6691 19
0.6692 16
0.6699 1
0.6699 12
0.67 9
0.67 26
0.6701 21
0.6702 3
0.6702 15
0.6705 20
0.6712 2
0.6713 22
0.6714 11
0.6714 27
0.6717 29
0.6718 24
0.6719 17
0.6721 16
0.6722 6
0.6724 7
0.6725 18
0.6736 12
0.6736 23
0.6737 15
0.6738 9
0.6739 14
0.674 3
0.6741 26
0.6746 1
0.6748 20
0.675 16
0.6751 22
0.6752 19
0.6754 29
0.6756 27
0.6765 2
0.6766 21
0.6771 18
0.6773 15
0.6773 17
0.6775 0
0.6775 12
0.6777 9
0.6779 3
0.678 16
0.6781 6
0.6782 26
0.6784 11
0.6788 7
0.6789 22
0.6789 23
0.679 20
0.6791 29
0.6793 1
0.6796 27
0.6798 24
0.6804 14
0.6808 15
0.681 16
0.6812 12
0.6814 19
0.6815 18
0.6816 9
0.6818 3
0.6819 2
0.6823 26
0.6826 17
0.6827 22
0.6829 29
0.6832 20
0.6832 21
0.6838 27
0.6839 1
0.684 16
0.6842 6
0.6843 23
0.6844 15
0.685 12
0.6853 7
0.6855 11
0.6856 9
0.6857 3
0.686 18
0.6864 26
0.6865 22
0.6866 29
0.6869 14
0.687 16
0.6872 2
0.6876 20
0.6878 19
0.6879 15
0.6879 17
0.688 27
0.6883 0
0.6884 24
0.6885 1
0.6888 12
0.6888 13
0.6895 3
0.6896 9
0.6899 21
0.6899 23
0.69 16
0.6902 6
0.6903 22
0.6904 18
0.6904 26
0.6904 29
0.6915 15
0.6919 7
0.6919 20
0.6921 27
0.6926 2
0.6926 12
0.6927 11
0.693 16
0.6933 1
0.6933 17
0.6934 3
0.6935 9
0.6936 14
0.6941 29
0.6942 19
0.6942 22
0.6945 26
0.6948 18
0.695 15
0.6954 23
0.696 16
0.6961 6
0.6962 20
0.6963 24
0.6964 12
0.6965 27
0.6966 21
0.6973 3
0.6975 9
0.6978 29
0.6981 1
0.6981 2
0.6981 22
0.6986 7
0.6986 15
0.6986 26
0.6988 17
0.699 16
0.6993 0
0.6994 18
0.7001 11
0.7002 12
0.7004 14
0.7006 19
0.7006 20
0.7007 27
0.7009 23
0.7011 3
0.7015 9
0.7016 29
0.702 16
0.702 22
0.7021 15
0.7022 6
0.7026 26
0.7027 1
0.7033 21
0.7036 2
0.7039 12
0.704 18
0.7042 17
0.7049 27
0.705 3
0.705 16
0.705 20
0.7051 24
0.7052 7
0.7054 29
0.7056 9
0.7057 15
0.7059 22
0.7064 23
0.7068 26
0.707 19
0.7071 14
0.7074 1
0.7075 11
0.7078 12
0.7081 16
0.7086 6
0.7088 18
0.7089 3
0.7092 2
0.7092 15
0.7093 27
0.7093 29
0.7094 20
0.7097 9
0.7097 17
0.7098 22
0.7103 21
0.7104 0
0.7109 26
0.7111 16
0.7116 12
0.712 7
0.712 23
0.7122 1
0.7128 3
0.7128 15
0.7131 29
0.7134 19
0.7135 27
0.7136 18
0.7137 22
0.7138 9
0.7138 14
0.7139 20
0.7141 16
0.7147 24
0.7148 2
0.7149 11
0.715 6
0.715 26
0.7153 17
0.7155 12
0.7158 13
0.7163 15
0.7166 3
0.7169 1
0.717 29
0.7171 16
0.7174 21
0.7176 22
0.7178 27
0.7179 9
0.7179 23
0.718 18
0.7184 20
0.719 7
0.7192 26
0.7193 12
0.7199 15
0.72 19
0.7202 16
0.7203 2
0.7206 3
0.7207 14
0.7208 17
0.7208 29
0.721 6
0.7214 22
0.7216 0
0.7217 1
0.722 9
0.7222 27
0.7224 11
0.7226 18
0.7228 20
0.7231 12
0.7232 16
0.7233 24
0.7234 26
0.7235 15
0.7237 23
0.7245 3
0.7245 21
0.7247 29
0.7254 22
0.7259 2
0.7261 7
0.7261 9
0.7262 17
0.7263 16
0.7265 27
0.7266 19
0.7268 1
0.7271 12
0.7272 6
0.7272 15
0.7273 20
0.7274 18
0.7276 26
0.7277 14
0.7284 3
0.7285 29
0.7293 16
0.7293 22
0.7295 23
0.7299 11
0.7303 9
0.7308 15
0.731 12
0.731 27
0.7317 2
0.7317 21
0.7318 1
0.7318 17
0.7319 20
0.7319 26
0.7322 18
0.7324 3
0.7324 16
0.7325 29
0.7326 24
0.7331 0
0.7331 19
0.7332 7
0.7333 22
0.7336 6
0.7344 9
0.7345 15
0.7348 14
0.7349 12
0.7352 23
0.7353 27
0.7354 16
0.7361 26
0.7363 3
0.7364 20
0.7364 29
0.7366 1
0.7371 18
0.7373 22
0.7375 2
0.7376 11
0.7376 17
0.7381 15
0.7384 16
0.7387 9
0.7388 12
0.7392 21
0.7396 19
0.7398 27
0.7402 6
0.7403 3
0.7403 26
0.7404 7
0.7404 29
0.7408 20
0.7412 22
0.7412 23
0.7415 1
0.7415 16
0.7418 15
0.742 14
0.742 18
0.7426 24
0.7427 12
0.7429 9
0.7433 17
0.7434 2
0.7442 3
0.7443 27
0.7443 29
0.7445 26
0.7446 16
0.7453 20
0.7453 22
0.7454 0
0.7455 11
0.7455 15
0.7462 19
0.7466 1
0.7468 12
0.7469 6
0.7469 21
0.747 18
0.7473 9
0.7474 23
0.7476 16
0.7478 7
0.7482 29
0.7483 3
0.7486 27
0.7487 26
0.7489 17
0.7492 15
0.7492 22
0.7493 2
0.7494 14
0.7499 20
0.7507 16
0.7508 12
0.7517 1
0.7517 9
0.752 18
0.7521 29
0.7523 3
0.7529 15
0.753 19
0.7531 26
0.7532 27
0.7533 22
0.7537 11
0.7537 23
0.7538 6
0.7538 16
0.7538 24
0.7546 20
0.7547 12
0.7547 17
0.7549 21
0.7552 2
0.7555 7
0.756 29
0.7561 9
0.7565 3
0.7566 15
0.7568 1
0.7568 14
0.7569 16
0.7569 18
0.7573 22
0.7574 26
0.7578 27
0.758 0
0.7586 12
0.7593 20
0.7599 19
0.76 16
0.76 23
0.7601 29
0.7603 15
0.7605 17
0.7606 9
0.7607 3
0.7609 6
0.7613 2
0.7614 22
0.7616 26
0.7619 1
0.7622 18
0.7623 11
0.7625 27
0.7627 12
0.763 21
0.7631 16
0.7634 7
0.7639 20
0.764 15
0.7641 29
0.7643 14
0.7648 3
0.7649 9
0.7654 22
0.7654 24
0.7659 26
0.7662 16
0.7663 17
0.7665 23
0.7669 12
0.7669 19
0.767 1
0.7674 27
0.7675 18
0.7676 2
0.7677 15
0.768 6
0.7682 29
0.7686 20
0.769 3
0.7693 16
0.7695 22
0.7696 9
0.7702 26
0.771 12
0.7715 0
0.7715 11
0.7715 15
0.7715 21
0.7717 7
0.7723 1
0.7723 14
0.7723 27
0.7723 29
0.7724 16
0.7725 17
0.7729 18
0.7732 3
0.7734 23
0.7735 20
0.7736 22
0.774 2
0.774 9
0.7742 19
0.7747 26
0.7751 12
0.7752 6
0.7752 15
0.7755 16
0.7764 29
0.777 27
0.7774 3
0.7775 1
0.7778 22
0.7783 18
0.7783 20
0.7784 24
0.7787 16
0.7788 9
0.7788 17
0.7791 15
0.7793 12
0.7793 26
0.7804 2
0.7804 7
0.7805 21
0.7806 14
0.7806 29
0.7807 23
0.7814 11
0.7816 3
0.7817 19
0.7819 16
0.7819 27
0.782 22
0.7826 6
0.7829 15
0.783 1
0.7832 20
0.7834 9
0.7835 12
0.7838 18
0.7838 26
0.7847 29
0.7851 16
0.7851 17
0.7859 3
0.7863 22
0.7868 15
0.7869 0
0.7869 2
0.7869 27
0.7878 12
0.7883 16
0.7883 20
0.7884 23
0.7885 9
0.7885 26
0.789 1
0.7891 29
0.7893 7
0.7893 14
0.7895 18
0.7895 19
0.7901 21
0.7902 3
0.7902 6
0.7907 15
0.7907 22
0.7915 16
0.7918 11
0.7918 17
0.7918 27
0.792 12
0.7931 26
0.7932 9
0.7932 24
0.7933 29
0.7934 20
0.7937 2
0.7946 3
0.7946 15
0.7947 1
0.7947 16
0.795 18
0.7951 22
0.7959 23
0.7963 12
0.7971 27
0.7976 19
0.7978 29
0.7979 26
0.798 6
0.798 16
0.7983 17
0.7984 9
0.7986 7
0.7986 14
0.7986 15
0.7986 20
0.7992 3
0.7996 22
0.8002 21
0.8005 1
0.8008 12
0.8008 18
0.801 2
0.8013 16
0.802 29
0.8024 27
0.8026 15
0.8027 26
0.8034 11
0.8035 9
0.8037 3
0.8038 20
0.8039 0
0.8041 22
0.8045 23
0.8046 16
0.8051 17
0.8053 12
0.8059 6
0.806 19
0.8064 29
0.8065 15
0.8067 1
0.8068 18
0.8074 26
0.8076 27
0.8079 16
0.8083 14
0.8085 2
0.8087 3
0.8088 22
0.8089 7
0.809 9
0.8092 20
0.8097 12
0.8105 15
0.8109 29
0.8112 16
0.8117 24
0.812 21
0.8121 26
0.8122 17
0.8128 1
0.8133 18
0.8133 27
0.8134 3
0.8135 22
0.814 23
0.8142 6
0.8145 12
0.8146 9
0.8147 16
0.8148 15
0.8149 19
0.8151 20
0.8155 29
0.8165 2
0.8169 26
0.8182 16
0.8183 22
0.8185 3
0.8192 15
0.8192 27
0.8195 1
0.8196 12
0.8204 14
0.8204 29
0.8205 11
0.8205 18
0.8206 17
0.8209 7
0.8209 20
0.821 9
0.8217 16
0.8221 26
0.8231 6
0.8233 15
0.8234 3
0.8234 22
0.8244 12
0.8252 29
0.8253 16
0.8253 19
0.8258 2
0.8258 27
0.8268 1
0.8272 20
0.8274 18
0.8276 9
0.8276 26
0.8277 15
0.8287 22
0.8288 3
0.8289 16
0.8289 17
0.8293 12
0.8304 29
0.8313 21
0.8323 15
0.8326 6
0.8328 16
0.8332 27
0.8333 26
0.8341 20
0.8343 22
0.8348 12
0.8352 18
0.8355 3
0.8355 29
0.8356 9
0.8365 1
0.8368 16
0.8371 15
0.8375 2
0.8391 17
0.8394 26
0.8405 12
0.8409 16
0.8409 22
0.8412 27
0.8416 29
0.8423 20
0.8425 15
0.8431 3
0.845 6
0.8455 16
0.8458 18
0.8475 26
0.8476 12
0.8483 29
0.8485 15
0.8501 22
0.8507 16
0.8568 15
0.8598 16
