0.2163 0
0.2163 1
0.2163 2
0.2163 3
0.2163 4
0.2163 5
0.2163 6
0.2163 7
0.2163 8
0.2163 9
0.2222 7
0.2222 9
0.2226 0
0.2226 8
0.2227 1
0.2227 2
0.2227 3
0.2232 5
0.2233 6
0.2243 4
0.2272 7
0.2272 9
0.2281 0
0.2281 8
0.2283 1
0.2283 2
0.2283 3
0.2294 5
0.2297 6
0.2317 7
0.2319 9
0.2323 4
0.2332 0
0.2333 8
0.2335 1
0.2335 3
0.2336 2
0.2352 5
0.2357 6
0.236 7
0.2362 9
0.2363 16
0.2378 0
0.238 8
0.2382 3
0.2384 1
0.2387 2
0.2401 7
0.2403 4
0.2404 9
0.2408 5
0.2413 6
0.2415 16
0.2417 13
0.2421 0
0.2424 8
0.2426 3
0.243 1
0.2435 2
0.2441 7
0.2444 9
0.2459 16
0.2461 0
0.2461 5
0.2466 8
0.2467 3
0.2468 6
0.2474 1
0.248 7
0.248 13
0.2482 23
0.2483 4
0.2484 2
0.2484 9
0.2486 29
0.2497 25
0.2499 16
0.25 0
0.2506 3
0.2506 8
0.2507 27
0.2509 14
0.2513 5
0.2517 1
0.2518 7
0.2521 6
0.2523 9
0.2531 2
0.2533 12
0.2534 13
0.2536 16
0.2538 0
0.2543 3
0.2545 8
0.2554 7
0.2559 1
0.256 23
0.2561 5
0.2561 9
0.2562 29
0.2563 4
0.2564 14
0.2571 16
0.2572 6
0.2573 27
0.2574 25
0.2575 0
0.2577 2
0.2579 3
0.2581 13
0.2583 8
0.2589 7
0.2595 12
0.2598 9
0.26 1
0.2604 16
0.2608 5
0.2611 0
0.2611 14
0.2614 3
0.262 8
0.2622 6
0.2623 2
0.2623 7
0.2625 13
0.2625 27
0.2626 23
0.2628 29
0.2634 9
0.2635 16
0.2638 22
0.264 1
0.2641 25
0.2643 4
0.2646 0
0.2646 20
0.2647 3
0.2647 12
0.2653 5
0.2653 14
0.2656 8
0.2657 7
0.2666 13
0.2666 16
0.2668 2
0.2668 9
0.2668 27
0.2671 6
0.2679 1
0.2679 3
0.268 0
0.2686 11
0.2686 23
0.2688 29
0.269 7
0.2692 8
0.2693 14
0.2694 12
0.2696 16
0.2697 5
0.2701 25
0.2702 9
0.2705 13
0.2709 27
0.2711 3
0.2713 2
0.2714 0
0.2717 1
0.2719 6
0.2719 20
0.2721 22
0.2722 7
0.2723 4
0.2725 16
0.2728 8
0.2728 19
0.2731 14
0.2736 9
0.2737 12
0.2739 5
0.2742 3
0.2742 23
0.2743 13
0.2743 29
0.2746 27
0.2748 0
0.2753 7
0.2754 1
0.2754 16
0.2755 2
0.2756 25
0.2763 8
0.2766 6
0.2767 14
0.2769 9
0.277 11
0.2773 3
0.2778 12
0.278 5
0.278 13
0.278 20
0.2781 0
0.2782 16
0.2783 27
0.2784 7
0.2784 24
0.2787 22
0.2789 1
0.2795 29
0.2796 23
0.2798 2
0.2798 8
0.2802 9
0.2802 14
0.2803 4
0.2804 3
0.2808 25
0.281 16
0.2813 6
0.2814 0
0.2814 7
0.2817 13
0.2818 12
0.2818 27
0.282 5
0.2823 19
0.2824 1
0.2828 21
0.2832 8
0.2834 9
0.2834 20
0.2835 3
0.2836 14
0.2836 15
0.2838 2
0.2838 16
0.2842 11
0.2843 29
0.2844 7
0.2846 0
0.2846 22
0.2847 23
0.2851 27
0.2852 13
0.2856 12
0.2857 1
0.2857 6
0.2859 25
0.286 5
0.2865 16
0.2866 3
0.2866 8
0.2866 9
0.2869 14
0.2869 24
0.2874 4
0.2874 7
0.2878 0
0.2879 2
0.2883 20
0.2884 27
0.2886 13
0.2889 29
0.289 1
0.2892 16
0.2893 12
0.2896 3
0.2897 9
0.2897 23
0.2899 5
0.2899 8
0.29 22
0.2901 6
0.2902 14
0.2902 21
0.2903 19
0.2904 7
0.2904 15
0.2907 11
0.2907 25
0.2909 0
0.2915 27
0.2918 2
0.2919 13
0.2919 16
0.2922 1
0.2926 3
0.2928 9
0.2928 12
0.2929 20
0.2931 8
0.2933 29
0.2934 7
0.2934 14
0.2937 5
0.294 0
0.294 4
0.2941 24
0.2943 6
0.2944 23
0.2945 16
0.2946 27
0.2951 22
0.2952 13
0.2954 1
0.2954 25
0.2956 3
0.2957 2
0.2959 9
0.296 15
0.2962 21
0.2963 7
0.2963 8
0.2963 12
0.2966 14
0.2968 11
0.2971 0
0.2971 16
0.2974 20
0.2975 5
0.2975 19
0.2975 29
0.2977 27
0.2979 17
0.2984 6
0.2985 1
0.2985 3
0.2985 13
0.2989 9
0.2991 23
0.2992 7
0.2995 2
0.2995 8
0.2997 12
0.2997 16
0.2998 14
0.2998 22
0.2999 25
0.3003 0
0.3006 24
0.3007 27
0.301 15
0.3015 21
0.3016 29
0.3018 13
0.3018 20
0.302 3
0.3023 16
0.3026 1
0.3027 7
0.3027 11
0.3028 9
0.303 14
0.3031 12
0.3037 19
0.3038 18
0.3038 27
0.3039 8
0.3039 23
0.3042 0
0.3044 22
0.3044 26
0.3048 25
0.3049 5
0.3049 16
0.3052 13
0.3055 15
0.3056 3
0.3057 29
0.3061 14
0.3062 7
0.3064 20
0.3064 24
0.3065 12
0.3066 21
0.3067 17
0.3068 9
0.3069 1
0.3069 27
0.3075 16
0.3082 0
0.3083 8
0.3085 11
0.3086 13
0.3089 22
0.309 6
0.3091 23
0.3092 14
0.3093 3
0.3098 15
0.3098 25
0.3099 7
0.3099 29
0.31 12
0.31 27
0.3101 16
0.3104 19
0.3108 9
0.3112 1
0.3112 20
0.3116 21
0.3121 13
0.3121 24
0.3123 0
0.3123 14
0.3127 8
0.3127 16
0.313 18
0.3131 3
0.3131 26
0.3131 27
0.3134 12
0.3135 5
0.3136 22
0.3137 7
0.3139 15
0.3141 29
0.3143 11
0.3145 17
0.3147 9
0.315 23
0.3151 25
0.3153 16
0.3154 14
0.3156 1
0.3156 13
0.3162 20
0.3162 27
0.3165 0
0.3167 21
0.3169 3
0.3169 12
0.317 8
0.3173 24
0.3174 6
0.3175 7
0.3175 19
0.3179 15
0.3179 16
0.3181 22
0.3183 29
0.3185 14
0.3186 9
0.3191 13
0.3193 27
0.32 1
0.3202 11
0.3204 12
0.3205 16
0.3207 0
0.3208 3
0.3208 18
0.3208 25
0.3209 26
0.3214 8
0.3215 7
0.3215 14
0.3216 20
0.3216 23
0.3217 21
0.3219 15
0.3219 17
0.322 5
0.3224 24
0.3224 27
0.3225 9
0.3225 29
0.3227 13
0.3227 22
0.3231 16
0.3239 12
0.3244 1
0.3245 14
0.3247 3
0.3249 0
0.3249 6
0.325 19
0.3254 7
0.3255 27
0.3257 16
0.3258 8
0.3258 15
0.3261 11
0.3263 13
0.3265 9
0.3265 25
0.3267 21
0.3267 29
0.3271 20
0.3273 12
0.3273 22
0.3275 14
0.3275 24
0.3278 18
0.3282 26
0.3283 16
0.3286 3
0.3286 27
0.3288 1
0.329 23
0.3292 0
0.3292 17
0.3294 7
0.3296 15
0.33 13
0.3302 8
0.3306 9
0.3306 14
0.3307 5
0.3308 12
0.3308 29
0.3309 16
0.3317 27
0.3318 6
0.3318 21
0.3319 22
0.332 11
0.3324 24
0.3325 3
0.3326 25
0.3327 19
0.3328 20
0.3334 1
0.3334 7
0.3334 15
0.3335 0
0.3336 16
0.3337 13
0.3337 14
0.3342 12
0.3343 18
0.3346 8
0.3347 9
0.3347 27
0.3349 29
0.3352 26
0.3363 16
0.3364 17
0.3365 3
0.3366 22
0.3367 14
0.3367 21
0.3372 15
0.3372 24
0.3374 23
0.3375 7
0.3375 13
0.3378 12
0.3379 0
0.3379 27
0.338 11
0.3382 1
0.3384 6
0.3388 9
0.3388 20
0.3389 16
0.339 8
0.339 29
0.3392 25
0.3394 5
0.3397 14
0.3405 3
0.3406 19
0.3407 18
0.341 15
0.341 27
0.3412 13
0.3412 22
0.3413 12
0.3415 7
0.3416 16
0.3417 21
0.342 24
0.3421 26
0.3424 0
0.3427 14
0.3429 9
0.343 1
0.343 29
0.3433 8
0.3438 17
0.3441 11
0.3441 27
0.3443 16
0.3445 3
0.3447 15
0.3448 20
0.3449 12
0.345 6
0.345 13
0.3457 7
0.3457 14
0.3458 22
0.3459 25
0.3467 21
0.3468 18
0.3469 24
0.347 0
0.347 9
0.347 16
0.347 29
0.3472 23
0.3472 27
0.3476 8
0.3477 1
0.3482 5
0.3483 15
0.3485 3
0.3485 12
0.3487 14
0.3488 13
0.3488 19
0.349 26
0.3497 16
0.3498 7
0.3502 11
0.3504 27
0.3506 22
0.3509 20
0.3511 9
0.3511 29
0.3513 17
0.3515 6
0.3516 0
0.3516 24
0.3518 14
0.3518 21
0.3519 8
0.352 15
0.3521 12
0.3524 16
0.3525 1
0.3526 3
0.3526 13
0.3527 18
0.3528 25
0.3535 27
0.3539 7
0.3548 14
0.355 29
0.3551 16
0.3552 9
0.3553 22
0.3557 12
0.3557 15
0.3559 26
0.3562 0
0.3562 8
0.3563 24
0.3564 11
0.3565 13
0.3566 3
0.3567 27
0.357 5
0.3571 21
0.3572 19
0.3573 20
0.3575 1
0.3578 6
0.3578 14
0.3578 16
0.358 7
0.3583 23
0.3589 18
0.359 17
0.359 29
0.3592 12
0.3593 9
0.3593 15
0.3599 27
0.3601 22
0.3601 25
0.3602 13
0.3605 8
0.3605 16
0.3607 3
0.3608 0
0.3608 14
0.361 24
0.3621 7
0.3622 21
0.3626 1
0.3626 11
0.3628 12
0.363 15
0.363 26
0.363 29
0.3631 27
0.3632 16
0.3635 9
0.3637 20
0.3638 14
0.3639 6
0.364 13
0.3648 3
0.3648 8
0.3649 18
0.365 22
0.3653 0
0.3657 24
0.3659 5
0.3659 16
0.366 19
0.3663 7
0.3663 27
0.3664 12
0.3666 15
0.3668 14
0.3669 17
0.3669 29
0.3673 21
0.3676 1
0.3677 9
0.3677 13
0.3677 25
0.3686 16
0.3689 3
0.3689 11
0.3691 8
0.3696 27
0.3698 0
0.3698 14
0.3699 22
0.37 6
0.37 12
0.37 20
0.3702 15
0.3703 26
0.3704 24
0.3705 7
0.3706 18
0.3709 23
0.3709 29
0.3713 16
0.3714 13
0.3719 9
0.3724 21
0.3725 1
0.3728 14
0.3728 27
0.373 3
0.3734 8
0.3736 12
0.3738 15
0.374 16
0.3744 0
0.3748 7
0.3749 5
0.3749 22
0.3749 29
0.3751 19
0.3751 24
0.3752 11
0.3753 13
0.3753 17
0.3755 25
0.3758 14
0.376 9
0.376 27
0.3763 6
0.3765 20
0.3766 18
0.3767 16
0.3771 3
0.3772 12
0.3774 15
0.3776 1
0.3777 8
0.3777 21
0.3777 26
0.3788 14
0.3788 29
0.379 0
0.3791 7
0.3791 13
0.3792 27
0.3794 16
0.3796 22
0.3797 24
0.3801 9
0.3808 12
0.381 15
0.3812 3
0.3815 11
0.3818 14
0.382 8
0.3821 16
0.3825 6
0.3825 27
0.3827 18
0.3828 1
0.3829 29
0.383 13
0.3831 20
0.3832 21
0.3834 7
0.3836 17
0.3837 0
0.3838 25
0.3842 5
0.3843 9
0.3843 24
0.3844 12
0.3844 19
0.3845 15
0.3845 22
0.3847 23
0.3848 14
0.3848 16
0.3852 26
0.3853 3
0.3857 27
0.3862 8
0.3868 13
0.3869 29
0.3875 16
0.3876 7
0.3878 14
0.3879 11
0.388 1
0.388 12
0.3882 15
0.3884 18
0.3885 0
0.3885 21
0.3886 6
0.3886 9
0.3889 27
0.389 24
0.3893 3
0.3895 20
0.3896 22
0.3902 16
0.3905 8
0.3906 13
0.3908 14
0.3908 29
0.3916 12
0.3918 15
0.3918 17
0.3919 7
0.3922 27
0.3923 25
0.3927 26
0.3929 9
0.3929 16
0.3931 1
0.3933 0
0.3934 3
0.3935 5
0.3937 19
0.3937 24
0.3938 14
0.394 21
0.3942 11
0.3944 18
0.3945 13
0.3945 22
0.3947 6
0.3948 8
0.3949 29
0.3952 12
0.3953 15
0.3955 27
0.3956 16
0.396 20
0.3961 7
0.3968 14
0.3971 9
0.3974 3
0.398 0
0.3981 1
0.3983 16
0.3984 13
0.3984 24
0.3987 27
0.3988 12
0.3989 29
0.399 15
0.3991 8
0.3994 21
0.3995 22
0.3998 14
0.3999 23
0.4 17
0.4003 26
0.4004 7
0.4004 18
0.4005 11
0.4005 25
0.4009 6
0.401 16
0.4012 9
0.4014 3
0.402 27
0.4023 13
0.4025 12
0.4026 15
0.4027 0
0.4028 5
0.4028 14
0.4028 20
0.4028 29
0.4029 19
0.403 24
0.4033 1
0.4034 8
0.4037 16
0.4044 22
0.4047 7
0.4048 21
0.4052 27
0.4054 3
0.4054 9
0.4059 14
0.4062 12
0.4062 13
0.4062 18
0.4063 15
0.4064 16
0.4067 29
0.4068 11
0.4071 6
0.4073 0
0.4076 8
0.4076 24
0.408 26
0.4082 17
0.4085 1
0.4085 27
0.4088 25
0.4089 14
0.4091 7
0.4091 16
0.4094 20
0.4095 3
0.4095 22
0.4097 9
0.4098 12
0.41 15
0.4101 13
0.4104 21
0.4107 29
0.4118 16
0.4118 27
0.4119 8
0.412 0
0.412 14
0.4121 5
0.4121 18
0.4122 19
0.4123 24
0.4131 11
0.4132 6
0.4134 7
0.4135 3
0.4135 12
0.4136 1
0.4136 15
0.4139 13
0.414 9
0.4145 16
0.4145 22
0.4146 29
0.415 14
0.4151 27
0.4158 20
0.4158 23
0.4158 26
0.4159 21
0.4161 8
0.4164 17
0.4167 0
0.417 24
0.4172 12
0.4172 15
0.4172 16
0.4173 25
0.4176 3
0.4177 7
0.4179 13
0.4179 18
0.418 14
0.4182 9
0.4183 27
0.4186 29
0.4187 1
0.4193 6
0.4193 22
0.4194 11
0.4199 16
0.4204 8
0.4208 12
0.4208 15
0.421 14
0.4214 19
0.4215 0
0.4215 21
0.4216 5
0.4217 3
0.4217 24
0.4217 27
0.4219 13
0.422 7
0.4225 9
0.4225 20
0.4225 29
0.4226 16
0.4236 26
0.4237 18
0.4238 1
0.424 14
0.4243 22
0.4244 12
0.4244 15
0.4247 8
0.4249 17
0.425 27
0.4253 16
0.4256 6
0.4258 3
0.4258 11
0.4259 13
0.4259 25
0.4262 7
0.4263 0
0.4263 24
0.4265 29
0.4267 9
0.4268 21
0.427 14
0.428 15
0.428 16
0.4281 12
0.4283 27
0.429 1
0.429 8
0.4291 20
0.4294 18
0.4294 22
0.4299 3
0.4299 13
0.43 14
0.4305 29
0.4306 7
0.4307 16
0.4309 9
0.4309 19
0.431 24
0.4311 0
0.4313 5
0.4313 26
0.4316 15
0.4316 27
0.4317 12
0.4318 6
0.4321 11
0.4322 21
0.4323 23
0.433 14
0.4332 8
0.4334 16
0.4337 13
0.4337 17
0.434 3
0.4342 1
0.4344 29
0.4345 22
0.4348 25
0.4349 7
0.4349 27
0.4351 18
0.4352 9
0.4352 15
0.4353 12
0.4355 20
0.4357 24
0.4359 0
0.436 14
0.4361 16
0.4374 8
0.4376 13
0.4377 21
0.4379 6
0.438 3
0.4382 27
0.4384 29
0.4385 11
0.4388 15
0.4388 16
0.439 12
0.439 14
0.439 26
0.4393 1
0.4393 7
0.4394 22
0.4395 9
0.4404 19
0.4404 24
0.4406 0
0.4409 5
0.4411 18
0.4415 13
0.4415 16
0.4415 27
0.4417 8
0.442 14
0.4421 3
0.4422 20
0.4424 15
0.4424 29
0.4425 17
0.4426 12
0.4431 21
0.4435 7
0.4437 25
0.4438 9
0.4441 6
0.4442 16
0.4443 22
0.4445 1
0.4448 27
0.4449 11
0.445 14
0.4451 24
0.4453 0
0.4454 13
0.446 8
0.446 15
0.4462 3
0.4462 12
0.4463 29
0.4467 26
0.4468 18
0.4469 16
0.4478 7
0.448 14
0.4481 9
0.4481 27
0.4488 21
0.4489 20
0.4494 13
0.4494 22
0.4496 15
0.4497 16
0.4498 1
0.4498 24
0.45 12
0.45 23
0.4501 0
0.4501 19
0.4503 3
0.4503 8
0.4503 29
0.4504 6
0.4505 5
0.451 14
0.4512 11
0.4513 27
0.4515 17
0.452 7
0.4523 9
0.4524 16
0.4525 25
0.4527 18
0.4533 13
0.4533 15
0.4536 12
0.454 14
0.4543 29
0.4544 3
0.4544 21
0.4545 22
0.4545 24
0.4546 8
0.4546 26
0.4546 27
0.4549 0
0.4551 1
0.4551 16
0.4553 20
0.4563 7
0.4565 9
0.4566 6
0.457 15
0.4571 14
0.4573 12
0.4573 13
0.4576 11
0.4578 16
0.4579 27
0.4583 29
0.4585 3
0.4589 8
0.4589 18
0.4592 24
0.4596 22
0.4597 0
0.4601 14
0.4601 19
0.4601 21
0.4602 5
0.4604 1
0.4606 15
0.4606 16
0.4606 17
0.4607 7
0.4609 9
0.461 12
0.4612 27
0.4613 13
0.4616 25
0.4619 20
0.4622 29
0.4626 3
0.4626 26
0.4629 6
0.4632 8
0.4632 14
0.4633 16
0.4639 24
0.464 11
0.4643 15
0.4645 0
0.4645 22
0.4645 27
0.4646 12
0.4647 18
0.465 7
0.4652 13
0.4653 9
0.4655 21
0.4656 1
0.466 16
0.4661 29
0.4662 14
0.4667 3
0.4675 8
0.4678 27
0.4679 15
0.468 23
0.4683 12
0.4686 24
0.4687 20
0.4688 16
0.4693 0
0.4693 13
0.4693 14
0.4694 6
0.4695 7
0.4696 9
0.4697 22
0.4701 5
0.4702 17
0.4702 29
0.4704 11
0.4705 19
0.4708 3
0.4708 26
0.4709 1
0.4711 18
0.4711 21
0.4711 25
0.4711 27
0.4715 16
0.4716 15
0.4719 8
0.4719 12
0.4723 14
0.4732 13
0.4733 24
0.4738 7
0.4738 9
0.4741 0
0.4742 16
0.4742 29
0.4744 27
0.4748 22
0.4749 3
0.4753 14
0.4753 15
0.4753 20
0.4756 12
0.4757 6
0.4762 8
0.4764 1
0.4767 21
0.4769 11
0.4769 16
0.4771 13
0.4773 18
0.4777 27
0.4781 9
0.4781 24
0.4781 29
0.4782 7
0.4783 14
0.4788 15
0.4789 0
0.479 3
0.4792 26
0.4793 12
0.4794 17
0.4796 16
0.4799 5
0.48 22
0.4805 8
0.4807 19
0.4807 25
0.481 13
0.481 27
0.4813 14
0.4819 1
0.482 6
0.482 20
0.4822 29
0.4823 16
0.4824 7
0.4824 21
0.4825 9
0.4825 15
0.4829 12
0.4829 24
0.4831 3
0.4832 18
0.4833 11
0.4837 0
0.4843 14
0.4843 27
0.4848 8
0.4849 13
0.485 16
0.485 22
0.4861 15
0.4862 29
0.4866 12
0.4867 7
0.4869 9
0.4871 1
0.4871 3
0.4874 14
0.4875 26
0.4876 24
0.4876 27
0.4877 16
0.4879 23
0.4881 21
0.4885 6
0.4886 0
0.4886 17
0.4889 13
0.4889 20
0.4891 8
0.4897 11
0.4897 18
0.4898 5
0.4898 15
0.4901 22
0.4902 29
0.4903 12
0.4903 25
0.4904 14
0.4904 16
0.4908 19
0.4909 27
0.4911 7
0.4912 3
0.4912 9
0.4922 1
0.4923 24
0.4928 13
0.4931 16
0.4935 0
0.4935 8
0.4935 14
0.4935 15
0.4937 21
0.4939 12
0.4942 27
0.4943 29
0.4949 6
0.4952 3
0.4954 22
0.4955 7
0.4955 9
0.4957 20
0.4958 26
0.4959 16
0.4959 18
0.4961 11
0.4965 14
0.4967 13
0.4971 24
0.4972 15
0.4975 1
0.4975 17
0.4975 27
0.4976 12
0.4978 8
0.4983 0
0.4983 29
0.4986 16
0.4993 3
0.4993 21
0.4995 14
0.4998 5
0.4998 9
0.4999 25
0.5 7
0.5004 22
0.5007 13
0.5008 19
0.5008 27
0.5009 15
0.5011 6
0.5013 16
0.5014 12
0.5019 24
0.502 18
0.5021 8
0.5023 29
0.5025 11
0.5025 14
0.5026 20
0.5029 1
0.5031 0
0.5034 3
0.5039 26
0.504 16
0.5041 9
0.5041 27
0.5043 7
0.5046 15
0.5047 13
0.5048 21
0.5051 12
0.5055 14
0.5055 22
0.5063 29
0.5064 8
0.5064 17
0.5066 24
0.5067 16
0.5074 27
0.5075 3
0.5076 6
0.5079 0
0.5082 1
0.5084 15
0.5084 18
0.5085 9
0.5086 14
0.5087 7
0.5088 13
0.5088 23
0.5089 11
0.5089 12
0.5094 16
0.5096 25
0.5097 20
0.5098 5
0.5103 29
0.5106 22
0.5107 8
0.5107 19
0.5107 27
0.5108 21
0.5113 24
0.5116 3
0.5117 14
0.5121 15
0.5121 26
0.5122 16
0.5126 12
0.5128 0
0.5129 7
0.5129 9
0.5129 13
0.5134 1
0.514 27
0.5141 6
0.5144 29
0.5147 18
0.5148 14
0.515 16
0.5151 8
0.5154 11
0.5156 17
0.5157 3
0.5158 15
0.516 22
0.5161 24
0.5163 12
0.5165 20
0.5167 21
0.5169 13
0.5173 7
0.5173 9
0.5174 27
0.5177 16
0.5178 0
0.5178 14
0.5184 29
0.5186 1
0.5194 25
0.5195 8
0.5195 15
0.5198 3
0.5201 5
0.5201 12
0.5203 6
0.5204 26
0.5205 16
0.5208 19
0.5208 27
0.5209 13
0.5209 14
0.521 18
0.521 24
0.5211 22
0.5217 7
0.5217 9
0.5218 11
0.5224 29
0.5225 21
0.5228 0
0.5231 15
0.5233 16
0.5233 20
0.5238 12
0.5239 8
0.524 3
0.524 14
0.5241 1
0.5241 27
0.5248 17
0.5249 13
0.5258 24
0.526 9
0.526 16
0.5261 7
0.5261 22
0.5266 29
0.5268 6
0.5269 15
0.5271 14
0.5272 18
0.5275 12
0.5275 27
0.5277 0
0.5282 3
0.5282 8
0.5283 11
0.5283 21
0.5287 16
0.5287 26
0.5289 13
0.5296 1
0.5296 25
0.5301 14
0.5303 9
0.5304 5
0.5304 23
0.5305 15
0.5305 20
0.5305 24
0.5306 7
0.5306 29
0.5309 27
0.531 19
0.5312 12
0.5313 22
0.5314 16
0.5323 3
0.5325 8
0.5326 0
0.5329 13
0.5332 14
0.5334 6
0.5337 18
0.5338 21
0.5342 16
0.5342 17
0.5342 27
0.5343 15
0.5347 29
0.5348 9
0.5348 11
0.5349 7
0.5349 12
0.5351 1
0.5353 24
0.5362 14
0.5365 3
0.5366 22
0.5368 8
0.5369 13
0.5369 16
0.5371 26
0.5374 0
0.5374 20
0.5376 27
0.538 15
0.5386 12
0.5388 29
0.5393 7
0.5393 9
0.5393 14
0.5396 21
0.5396 25
0.5397 16
0.5398 6
0.5402 18
0.5402 24
0.5405 1
0.5406 3
0.5406 5
0.5409 13
0.5409 27
0.5412 8
0.5412 11
0.5413 19
0.5417 15
0.5419 22
0.5422 0
0.5423 12
0.5424 14
0.5425 16
0.5428 29
0.5435 17
0.5436 7
0.5436 9
0.5441 20
0.5442 27
0.5447 3
0.5449 13
0.5451 24
0.5452 21
0.5453 16
0.5455 14
0.5455 15
0.5456 8
0.5456 26
0.5459 1
0.5461 12
0.5462 6
0.5464 18
0.5469 22
0.5469 29
0.5471 0
0.5475 27
0.5478 11
0.5479 9
0.548 7
0.5481 16
0.5486 14
0.5489 3
0.5489 13
0.5492 15
0.5494 25
0.5499 12
0.5499 24
0.55 8
0.5507 5
0.5509 16
0.5509 27
0.5511 29
0.5513 20
0.5513 21
0.5515 1
0.5517 14
0.5519 19
0.5521 0
0.5522 22
0.5523 9
0.5524 7
0.553 3
0.553 13
0.553 15
0.553 23
0.5531 6
0.5532 18
0.5534 17
0.5536 12
0.5536 16
0.5542 27
0.5543 11
0.5544 8
0.5544 26
0.5547 14
0.5547 24
0.5551 29
0.5564 16
0.5567 15
0.5568 7
0.5568 9
0.557 1
0.5571 3
0.5571 13
0.5571 21
0.5572 0
0.5574 12
0.5574 22
0.5576 27
0.5578 14
0.5583 20
0.5587 8
0.5591 16
0.5592 25
0.5592 29
0.5596 6
0.5596 24
0.5598 18
0.5605 15
0.5608 11
0.5609 14
0.561 27
0.5612 3
0.5612 12
0.5613 7
0.5613 9
0.5613 13
0.5614 5
0.5618 16
0.5622 0
0.5624 1
0.5627 19
0.5627 22
0.5631 8
0.5632 21
0.5633 17
0.5633 29
0.5634 26
0.564 14
0.5643 15
0.5644 27
0.5645 24
0.5646 16
0.565 12
0.5651 20
0.5653 3
0.5654 13
0.5656 7
0.5657 9
0.5661 6
0.5662 18
0.5671 0
0.5671 14
0.5674 11
0.5674 16
0.5674 29
0.5675 8
0.5677 27
0.5678 22
0.5679 1
0.568 15
0.5687 12
0.5689 21
0.5692 25
0.5693 24
0.5694 3
0.5695 13
0.57 7
0.5701 9
0.5702 14
0.5702 16
0.5711 27
0.5715 29
0.5717 15
0.5719 5
0.5719 8
0.572 0
0.5723 20
0.5726 12
0.5726 26
0.5729 6
0.573 16
0.5732 18
0.5733 14
0.5733 22
0.5735 1
0.5735 13
0.5736 3
0.5739 11
0.574 17
0.574 19
0.5742 24
0.5743 7
0.5744 27
0.5746 9
0.5749 21
0.5754 15
0.5756 29
0.5757 16
0.5763 8
0.5763 12
0.5764 14
0.5767 23
0.5769 0
0.5776 13
0.5777 3
0.5777 27
0.5785 16
0.5786 22
0.5788 7
0.5791 1
0.5791 9
0.5792 15
0.5792 24
0.5794 6
0.5794 25
0.5795 14
0.5795 20
0.5797 18
0.5799 29
0.5801 12
0.5804 11
0.5807 8
0.5809 21
0.581 27
0.5813 16
0.5815 26
0.5817 13
0.5818 3
0.5819 0
0.5826 5
0.5826 14
0.5829 15
0.5833 7
0.5835 9
0.584 12
0.584 22
0.584 29
0.5841 16
0.5841 17
0.5841 24
0.5844 27
0.5845 1
0.5851 8
0.5852 19
0.5857 13
0.5857 14
0.586 3
0.5862 6
0.5866 18
0.5866 20
0.5868 15
0.5869 16
0.587 0
0.587 11
0.587 21
0.5877 7
0.5877 12
0.5878 27
0.588 9
0.5881 29
0.5888 14
0.589 24
0.5892 22
0.5895 8
0.5897 13
0.5897 16
0.5898 1
0.5898 25
0.5902 3
0.5903 26
0.5905 15
0.5912 27
0.5914 12
0.5919 14
0.5921 0
0.5922 7
0.5924 29
0.5925 9
0.5925 16
0.5931 6
0.5931 21
0.5932 5
0.5936 11
0.5937 18
0.5938 13
0.594 8
0.594 20
0.5941 24
0.5942 17
0.5943 15
0.5944 3
0.5946 27
0.5948 22
0.595 14
0.5952 12
0.5953 16
0.5954 1
0.5964 19
0.5965 29
0.5966 7
0.5969 9
0.5971 0
0.5979 13
0.5979 27
0.5981 14
0.5981 16
0.5982 15
0.5985 8
0.5986 3
0.599 12
0.599 21
0.5991 24
0.5993 26
0.5997 6
0.6001 25
0.6002 11
0.6002 22
0.6003 18
0.6007 29
0.6009 16
0.6011 1
0.6011 7
0.6012 14
0.6013 9
0.6013 20
0.6014 27
0.6019 15
0.602 13
0.6021 0
0.6023 23
0.6027 12
0.6028 3
0.6029 8
0.6036 16
0.6037 5
0.604 17
0.604 24
0.6043 14
0.6048 27
0.605 29
0.6051 21
0.6055 22
0.6056 7
0.6058 15
0.6059 9
0.6061 13
0.6064 6
0.6064 16
0.6067 12
0.6068 1
0.6069 11
0.607 3
0.6071 0
0.6072 18
0.6074 8
0.6074 14
0.6074 19
0.6082 27
0.6083 20
0.6084 26
0.6089 24
0.6091 29
0.6092 16
0.6095 15
0.6101 7
0.6102 13
0.6104 25
0.6105 9
0.6105 12
0.6105 14
0.6108 22
0.611 21
0.6112 3
0.6115 27
0.6118 8
0.612 16
0.6122 0
0.6124 1
0.6133 29
0.6134 6
0.6134 15
0.6135 11
0.6136 14
0.614 24
0.6141 17
0.6142 18
0.6143 12
0.6144 13
0.6147 7
0.6148 5
0.6148 16
0.6149 27
0.615 9
0.6154 3
0.6156 20
0.6163 8
0.6163 22
0.6167 14
0.6172 15
0.6173 0
0.6173 21
0.6175 26
0.6175 29
0.6176 16
0.618 1
0.6183 12
0.6183 27
0.6185 19
0.6186 13
0.619 24
0.6191 7
0.6195 9
0.6196 3
0.6198 14
0.6201 6
0.6202 11
0.6204 16
0.6208 8
0.6208 25
0.621 15
0.6211 18
0.6217 27
0.6217 29
0.6218 22
0.6221 12
0.6224 0
0.6228 13
0.6229 14
0.6229 20
0.6232 16
0.6234 21
0.6236 7
0.6237 1
0.6238 3
0.6239 24
0.6241 9
0.6242 17
0.6247 15
0.625 27
0.6253 8
0.6259 29
0.626 12
0.626 14
0.626 16
0.6261 5
0.6268 6
0.6268 26
0.6269 11
0.627 13
0.627 22
0.6274 0
0.6279 3
0.6279 18
0.628 7
0.6284 27
0.6285 15
0.6287 9
0.6288 16
0.6289 24
0.6291 14
0.6296 1
0.6296 19
0.6298 8
0.6298 21
0.6299 12
0.63 20
0.6301 29
0.6311 13
0.6316 16
0.6317 25
0.6318 27
0.6321 3
0.6322 14
0.6323 15
0.6324 0
0.6324 22
0.6326 7
0.6333 9
0.6335 11
0.6337 6
0.6337 12
0.6339 24
0.6343 8
0.6344 16
0.6345 17
0.6345 29
0.6347 18
0.6352 13
0.6352 27
0.6353 1
0.6353 14
0.6359 21
0.6361 15
0.6362 3
0.6364 26
0.6372 7
0.6372 16
0.6375 0
0.6375 12
0.6375 20
0.6377 5
0.6377 22
0.6378 9
0.6382 23
0.6384 14
0.6386 27
0.6387 29
0.6388 8
0.6389 24
0.6392 13
0.64 15
0.64 16
0.6403 11
0.6404 3
0.6405 6
0.6409 19
0.641 1
0.6414 12
0.6415 14
0.6417 7
0.6417 18
0.642 21
0.642 27
0.6425 9
0.6427 0
0.6428 16
0.6429 29
0.6431 25
0.6433 8
0.6433 13
0.6433 22
0.6437 15
0.6439 24
0.6446 3
0.6446 14
0.6448 17
0.6448 20
0.6452 12
0.6454 27
0.6456 16
0.6461 26
0.6462 7
0.6468 1
0.6469 11
0.6472 9
0.6473 6
0.6473 29
0.6476 13
0.6477 15
0.6478 14
0.6479 0
0.6479 8
0.6482 21
0.6484 16
0.6484 18
0.6486 22
0.6488 3
0.6488 27
0.649 12
0.649 24
0.6493 5
0.6507 7
0.6509 14
0.6512 16
0.6515 15
0.6515 29
0.6517 13
0.6518 9
0.6521 20
0.6523 19
0.6523 27
0.6525 8
0.6527 1
0.6529 12
0.653 0
0.653 3
0.6535 11
0.654 14
0.654 16
0.654 24
0.6542 22
0.6543 6
0.6544 21
0.6546 25
0.6552 7
0.6552 17
0.6553 15
0.6555 18
0.6557 27
0.6558 13
0.6558 29
0.6559 26
0.6564 9
0.6567 12
0.6568 16
0.657 8
0.6571 14
0.6573 3
0.6581 0
0.6584 1
0.6589 24
0.6591 15
0.6591 27
0.6596 16
0.6597 20
0.6597 22
0.6599 7
0.6601 13
0.6602 11
0.6602 29
0.6603 14
0.6606 12
0.6608 21
0.6611 5
0.6611 6
0.6611 9
0.6615 8
0.6616 3
0.6624 16
0.6625 27
0.6627 18
0.6629 15
0.6632 0
0.6634 14
0.6638 19
0.6639 1
0.664 24
0.6643 13
0.6644 7
0.6644 29
0.6645 12
0.6652 16
0.6653 22
0.6658 3
0.6658 9
0.6659 27
0.6661 8
0.6661 17
0.6661 25
0.6661 26
0.6665 14
0.6668 11
0.6668 15
0.6671 20
0.6671 21
0.668 6
0.668 16
0.6683 0
0.6684 12
0.6686 13
0.6687 29
0.669 7
0.6691 24
0.6693 27
0.6694 18
0.6695 1
0.6696 14
0.67 3
0.6704 9
0.6706 15
0.6707 8
0.6707 22
0.6708 16
0.6723 12
0.6727 14
0.6728 5
0.6728 27
0.673 13
0.673 29
0.6735 0
0.6736 7
0.6736 11
0.6736 16
0.6736 21
0.6741 24
0.6742 3
0.6744 15
0.6746 20
0.675 6
0.6751 9
0.6753 8
0.6754 1
0.6757 19
0.6759 14
0.6762 12
0.6762 27
0.6763 26
0.6764 16
0.6764 22
0.6768 18
0.6771 13
0.6772 29
0.6773 17
0.6777 25
0.6781 7
0.6782 15
0.6784 3
0.6787 0
0.6791 14
0.6791 24
0.6792 16
0.6796 27
0.6797 21
0.6799 8
0.6799 9
0.6801 12
0.6803 11
0.6813 13
0.6814 1
0.6815 29
0.6819 6
0.682 15
0.682 16
0.682 22
0.6822 14
0.6823 20
0.6826 3
0.6828 7
0.6831 27
0.6837 18
0.6838 0
0.6839 12
0.6842 24
0.6845 8
0.6846 9
0.6848 5
0.6848 16
0.6853 14
0.6854 13
0.6858 29
0.6859 15
0.6861 21
0.6863 26
0.6865 27
0.6868 3
0.687 11
0.6873 1
0.6874 7
0.6876 16
0.6877 22
0.6879 12
0.6881 19
0.6885 14
0.6888 17
0.689 0
0.6891 8
0.6892 6
0.6893 9
0.6893 24
0.6896 13
0.6896 20
0.6898 15
0.6898 25
0.6899 27
0.6902 29
0.6904 16
0.6909 18
0.691 3
0.6916 14
0.6917 12
0.6921 7
0.6922 21
0.693 22
0.6931 1
0.6932 16
0.6933 27
0.6937 8
0.6937 11
0.6937 15
0.6939 13
0.694 9
0.6942 0
0.6943 24
0.6944 29
0.6947 14
0.6952 3
0.6956 12
0.696 16
0.6962 6
0.6964 26
0.6967 5
0.6968 7
0.6968 27
0.6973 20
0.6977 15
0.6979 14
0.698 13
0.6983 8
0.6985 18
0.6988 16
0.6988 22
0.6988 29
0.6989 9
0.699 21
0.6992 1
0.6994 3
0.6994 24
0.6995 0
0.6995 12
0.7003 11
0.7003 27
0.7009 17
0.701 14
0.701 19
0.7013 7
0.7015 15
0.7016 16
0.702 25
0.7022 13
0.7029 8
0.7032 29
0.7033 6
0.7034 12
0.7036 3
0.7037 9
0.7038 27
0.7041 14
0.7044 16
0.7044 22
0.7045 24
0.7048 0
0.7048 20
0.7053 1
0.7055 15
0.7055 18
0.7055 21
0.706 7
0.7065 13
0.7066 26
0.7071 11
0.7072 16
0.7072 27
0.7073 12
0.7073 14
0.7075 8
0.7075 29
0.7079 3
0.7083 9
0.7088 5
0.7093 15
0.7095 24
0.71 0
0.71 16
0.7101 22
0.7105 14
0.7106 6
0.7107 7
0.7108 13
0.7108 27
0.7112 1
0.7113 12
0.712 8
0.712 29
0.7122 3
0.7122 20
0.7124 21
0.7128 16
0.7129 17
0.7131 9
0.7133 15
0.7137 14
0.7137 18
0.7138 11
0.7139 19
0.7143 27
0.7147 24
0.7149 25
0.7152 0
0.7152 13
0.7153 12
0.7154 7
0.7155 22
0.7156 16
0.7164 29
0.7165 3
0.7166 8
0.7168 14
0.717 1
0.717 26
0.7172 15
0.7176 6
0.7177 27
0.7179 9
0.7184 16
0.7188 21
0.7192 12
0.7196 13
0.7199 24
0.72 14
0.7202 7
0.7202 20
0.7204 0
0.7206 11
0.7208 3
0.7209 29
0.721 5
0.7211 15
0.7211 27
0.7212 8
0.7212 16
0.7212 18
0.7214 22
0.7227 9
0.7228 1
0.7232 12
0.7232 14
0.7239 13
0.724 16
0.7246 27
0.7247 17
0.7248 7
0.725 3
0.725 15
0.725 24
0.7253 6
0.7255 21
0.7255 29
0.7257 0
0.7258 8
0.7264 14
0.7267 19
0.7268 16
0.7271 22
0.7272 12
0.7273 11
0.7275 9
0.7275 25
0.7278 20
0.728 26
0.728 27
0.7281 13
0.7287 18
0.7288 1
0.7289 15
0.7292 3
0.7295 7
0.7295 14
0.7296 16
0.73 29
0.7301 24
0.7303 8
0.731 0
0.7311 12
0.7314 27
0.7318 21
0.7322 9
0.7324 16
0.7325 13
0.7327 6
0.7327 14
0.7328 22
0.7329 15
0.7333 5
0.7334 3
0.734 11
0.7342 7
0.7344 29
0.7348 8
0.7349 1
0.735 27
0.7351 12
0.7352 16
0.7353 24
0.7355 20
0.7359 14
0.7362 0
0.7364 17
0.7367 13
0.7369 9
0.7369 15
0.7369 18
0.7376 3
0.738 16
0.7384 22
0.7385 27
0.7386 21
0.739 7
0.739 26
0.739 29
0.7391 12
0.7391 14
0.7392 19
0.7393 8
0.7399 6
0.7404 24
0.7408 11
0.7408 15
0.7408 16
0.7409 1
0.741 13
0.7412 25
0.7414 0
0.7416 9
0.7418 3
0.742 27
0.7423 14
0.7429 12
0.7434 20
0.7436 16
0.7436 29
0.7438 8
0.7439 7
0.7442 22
0.7443 18
0.7448 15
0.7451 21
0.7454 13
0.7455 14
0.7455 27
0.7457 24
0.7458 5
0.746 3
0.7464 9
0.7464 16
0.7467 0
0.7468 1
0.7469 12
0.7474 6
0.7475 11
0.7481 29
0.7483 17
0.7484 8
0.7486 7
0.7487 14
0.7487 15
0.749 27
0.7492 16
0.7496 13
0.75 22
0.7502 3
0.7505 26
0.7508 20
0.7509 12
0.7509 24
0.7512 9
0.7518 19
0.7519 14
0.752 16
0.752 21
0.7521 0
0.7522 18
0.7525 27
0.7527 15
0.7527 29
0.7529 1
0.753 8
0.7533 7
0.754 13
0.7542 11
0.7544 3
0.7546 6
0.7546 25
0.7548 12
0.7548 16
0.7551 14
0.7556 22
0.7558 9
0.756 24
0.756 27
0.7566 15
0.7572 29
0.7574 0
0.7576 8
0.7577 16
0.7581 7
0.7583 5
0.7583 14
0.7585 13
0.7587 3
0.7587 21
0.7588 12
0.7589 20
0.7591 1
0.7595 27
0.7602 17
0.7603 18
0.7605 9
0.7605 16
0.7606 15
0.761 11
0.7612 24
0.7613 22
0.7614 14
0.7617 26
0.7617 29
0.762 6
0.7622 8
0.7626 0
0.7628 7
0.7629 12
0.763 3
0.763 13
0.7631 27
0.7633 16
0.7644 19
0.7645 14
0.7646 15
0.7652 1
0.7654 9
0.7655 21
0.7661 16
0.7662 29
0.7665 24
0.7666 20
0.7666 27
0.7668 8
0.7668 12
0.7672 22
0.7673 3
0.7675 13
0.7677 7
0.7677 11
0.7677 14
0.7678 0
0.7679 18
0.7686 15
0.7686 25
0.7689 16
0.7694 6
0.7701 27
0.7702 9
0.7706 29
0.7708 12
0.7709 14
0.7711 1
0.7711 5
0.7714 8
0.7716 3
0.7717 16
0.7717 24
0.7719 13
0.7721 21
0.7724 17
0.7725 7
0.7726 15
0.7731 0
0.7731 22
0.7734 26
0.7736 27
0.7741 14
0.7745 11
0.7745 16
0.7745 20
0.7748 12
0.7749 9
0.7751 29
0.7759 3
0.776 8
0.776 18
0.7763 13
0.7766 15
0.7767 6
0.7771 1
0.7771 19
0.7771 24
0.7772 14
0.7772 27
0.7773 7
0.7773 16
0.7784 0
0.7786 12
0.7787 22
0.7788 21
0.7795 29
0.7797 9
0.7801 16
0.7802 3
0.7804 14
0.7806 13
0.7806 15
0.7807 8
0.7807 27
0.7812 11
0.7821 7
0.7824 24
0.7826 12
0.7826 20
0.7829 16
0.7832 1
0.7836 14
0.7837 0
0.7838 5
0.7839 25
0.7841 27
0.7842 29
0.7843 17
0.7843 18
0.7845 3
0.7846 9
0.7847 6
0.7847 15
0.7847 22
0.7849 26
0.785 13
0.7854 8
0.7856 21
0.7857 16
0.7865 12
0.7867 7
0.7867 14
0.7875 24
0.7876 27
0.788 11
0.7885 16
0.7886 29
0.7887 15
0.7888 3
0.7889 0
0.7893 1
0.7893 13
0.7895 9
0.7896 19
0.7899 14
0.7901 8
0.7902 20
0.7905 12
0.7906 22
0.791 27
0.7913 16
0.7915 7
0.7923 6
0.7923 21
0.7925 18
0.7928 15
0.7928 24
0.793 3
0.7931 14
0.7932 29
0.7937 13
0.7942 16
0.7943 0
0.7944 9
0.7945 12
0.7945 27
0.7948 8
0.7948 11
0.7954 1
0.7962 14
0.7963 17
0.7965 5
0.7965 7
0.7966 22
0.7967 15
0.7967 26
0.797 16
0.7972 3
0.7978 29
0.798 27
0.7981 13
0.7981 20
0.7981 24
0.7982 25
0.7985 12
0.7993 21
0.7994 9
0.7994 14
0.7995 8
0.7997 6
0.7998 0
0.7998 16
0.8007 15
0.8008 18
0.8012 7
0.8014 3
0.8015 27
0.8016 1
0.8016 11
0.8022 22
0.8022 29
0.8023 19
0.8024 13
0.8026 12
0.8026 14
0.8026 16
0.8033 24
0.8042 8
0.8043 9
0.8046 15
0.805 27
0.8053 0
0.8055 16
0.8057 3
0.8058 14
0.806 7
0.806 20
0.8061 21
0.8067 12
0.8069 29
0.807 13
0.8073 6
0.8078 1
0.8081 22
0.8083 16
0.8084 11
0.8084 26
0.8085 27
0.8086 15
0.8087 17
0.8087 24
0.8089 8
0.809 14
0.809 18
0.8091 9
0.8099 5
0.81 3
0.8107 0
0.8107 12
0.8108 7
0.8111 16
0.8114 13
0.8114 29
0.812 27
0.8122 14
0.8126 15
0.8132 25
0.8133 21
0.8136 8
0.8137 20
0.814 16
0.814 22
0.814 24
0.8142 1
0.8142 9
0.8143 3
0.8146 6
0.8149 12
0.8152 11
0.8152 19
0.8154 14
0.8156 7
0.8156 27
0.8159 13
0.816 0
0.816 29
0.8166 15
0.8168 16
0.8171 18
0.8183 8
0.8186 3
0.8186 14
0.8188 12
0.8191 27
0.8193 9
0.8193 24
0.8196 16
0.8201 21
0.8201 22
0.8205 1
0.8205 7
0.8205 13
0.8206 29
0.8207 15
0.8207 26
0.8214 0
0.8215 17
0.8218 14
0.822 11
0.8221 20
0.8224 6
0.8224 16
0.8226 27
0.8228 12
0.8229 3
0.823 8
0.8241 5
0.8242 9
0.8248 15
0.8248 24
0.8249 13
0.825 14
0.8253 16
0.8253 18
0.8253 29
0.8254 7
0.8257 22
0.8262 27
0.8266 1
0.8269 0
0.8269 12
0.8272 3
0.8272 21
0.8276 8
0.8281 16
0.8282 14
0.8284 19
0.8286 25
0.8288 11
0.8289 15
0.829 9
0.8293 13
0.8297 27
0.8298 20
0.8299 29
0.83 6
0.8301 24
0.8302 7
0.8309 12
0.831 16
0.8314 14
0.8315 3
0.8317 22
0.8323 0
0.8323 8
0.8325 26
0.8327 1
0.833 15
0.8332 27
0.8337 13
0.8337 18
0.8338 21
0.8339 16
0.834 9
0.8343 17
0.8346 14
0.8346 29
0.8349 12
0.835 7
0.8354 24
0.8357 11
0.8358 3
0.8367 16
0.8367 27
0.8369 15
0.837 8
0.8375 6
0.8376 0
0.8376 22
0.8378 14
0.8381 5
0.8383 13
0.8383 20
0.839 1
0.839 12
0.8391 9
0.8392 29
0.8395 16
0.8397 7
0.8401 3
0.8402 27
0.8408 24
0.841 14
0.841 21
0.8411 15
0.8417 8
0.8419 19
0.8422 18
0.8424 16
0.8426 11
0.8428 13
0.843 0
0.8431 12
0.8436 22
0.8437 27
0.8437 29
0.844 9
0.8442 14
0.8444 3
0.8445 7
0.8448 25
0.8449 26
0.845 15
0.8452 1
0.8452 16
0.8455 6
0.846 24
0.8462 20
0.8464 8
0.8471 12
0.8473 13
0.8473 27
0.8474 14
0.8475 17
0.8478 21
0.848 16
0.8483 29
0.8485 0
0.8487 3
0.8489 9
0.8491 15
0.8494 11
0.8494 22
0.8495 7
0.8504 18
0.8507 14
0.8508 16
0.8509 27
0.8511 8
0.8513 1
0.8513 12
0.8514 24
0.8519 13
0.8522 5
0.8529 3
0.8529 29
0.8531 6
0.8531 15
0.8537 16
0.8538 9
0.8539 14
0.8541 0
0.8543 7
0.8544 20
0.8546 27
0.8554 12
0.8554 21
0.8554 22
0.8555 19
0.8557 8
0.8562 13
0.8563 11
0.8566 16
0.8569 24
0.8569 26
0.8571 14
0.8572 3
0.8572 15
0.8575 1
0.8575 29
0.8581 27
0.8586 9
0.8589 18
0.8591 7
0.8594 12
0.8595 16
0.8596 0
0.8603 14
0.8604 8
0.8608 13
0.8608 17
0.8612 25
0.8613 15
0.8614 6
0.8615 3
0.8616 22
0.8616 27
0.8622 24
0.8622 29
0.8623 16
0.8626 21
0.8627 20
0.8632 11
0.8634 12
0.8636 14
0.8637 9
0.864 1
0.864 7
0.8651 0
0.8651 16
0.8651 27
0.8652 8
0.8653 15
0.8654 13
0.8658 3
0.866 5
0.8668 14
0.8669 29
0.8673 18
0.8674 22
0.8675 12
0.8677 24
0.868 16
0.8687 9
0.8687 27
0.8688 7
0.8693 6
0.8694 15
0.8694 19
0.8696 26
0.8699 13
0.87 8
0.87 14
0.8701 11
0.8701 21
0.8702 3
0.8707 0
0.8708 1
0.8708 20
0.8709 16
0.8714 29
0.8715 12
0.8722 27
0.8731 24
0.8733 14
0.8735 15
0.8735 22
0.8736 9
0.8738 7
0.8738 16
0.8744 13
0.8745 17
0.8746 3
0.8747 8
0.8756 12
0.8758 18
0.8758 27
0.8762 29
0.8763 0
0.8765 14
0.8767 16
0.8771 11
0.8771 21
0.8772 6
0.8775 1
0.8776 15
0.8785 24
0.8786 9
0.8789 3
0.8789 7
0.879 13
0.8794 8
0.8795 20
0.8795 27
0.8796 16
0.8796 22
0.8797 12
0.8798 14
0.8802 5
0.8808 29
0.8809 25
0.8817 0
0.8817 15
0.882 26
0.8825 16
0.8831 14
0.8831 27
0.8833 3
0.8835 13
0.8838 7
0.8839 9
0.884 11
0.884 12
0.884 19
0.8841 1
0.8841 24
0.8842 8
0.8846 21
0.8853 6
0.8853 16
0.8854 18
0.8857 29
0.8858 15
0.8859 22
0.8863 14
0.8867 27
0.8872 0
0.8876 3
0.8876 20
0.8881 12
0.8881 13
0.8882 16
0.8886 17
0.8887 7
0.889 8
0.8891 9
0.8895 14
0.8895 24
0.8899 15
0.8902 27
0.8905 29
0.8906 1
0.8911 11
0.8911 16
0.8917 22
0.8918 21
0.8919 3
0.8923 12
0.8928 0
0.8928 14
0.8929 13
0.893 6
0.8938 7
0.8938 27
0.8939 8
0.8939 16
0.894 15
0.8941 9
0.8943 18
0.8951 24
0.8952 29
0.8954 5
0.896 14
0.8962 3
0.8963 20
0.8964 26
0.8965 12
0.8968 16
0.8973 1
0.8974 13
0.8974 27
0.8979 22
0.898 11
0.8982 15
0.8985 0
0.8987 7
0.8988 8
0.8991 19
0.8993 9
0.8993 14
0.8995 21
0.8996 16
0.9 25
0.9001 29
0.9005 3
0.9006 12
0.9006 24
0.9009 27
0.9014 6
0.902 13
0.9024 15
0.9025 16
0.9026 14
0.9034 17
0.9036 8
0.9038 7
0.9039 18
0.904 1
0.9041 0
0.9044 22
0.9046 9
0.9046 27
0.9047 12
0.9048 3
0.9048 20
0.9049 29
0.905 11
0.9053 16
0.9058 14
0.9061 24
0.9065 13
0.9066 15
0.907 21
0.9082 16
0.9082 27
0.9084 8
0.9089 12
0.909 7
0.9091 14
0.9092 3
0.9093 6
0.9097 0
0.9098 9
0.9098 29
0.9103 26
0.9104 1
0.9105 22
0.9108 15
0.9111 5
0.9111 13
0.9111 16
0.9118 24
0.9118 27
0.912 11
0.9124 14
0.913 12
0.9132 8
0.9134 20
0.9136 3
0.9139 7
0.914 16
0.914 18
0.9146 19
0.9149 21
0.9149 29
0.915 9
0.915 15
0.9154 27
0.9155 0
0.9156 14
0.9157 13
0.9168 22
0.9169 1
0.9169 16
0.9172 12
0.9173 24
0.9179 8
0.918 3
0.9181 6
0.9188 14
0.9189 7
0.9189 11
0.919 17
0.919 27
0.9192 15
0.9197 16
0.9198 29
0.92 9
0.9203 13
0.9212 0
0.9213 12
0.9221 14
0.9221 20
0.9224 3
0.9226 16
0.9226 27
0.9227 8
0.9227 21
0.923 22
0.9231 24
0.9234 18
0.9235 15
0.9236 1
0.9241 7
0.9247 29
0.9249 25
0.9249 26
0.9251 9
0.9252 13
0.9254 14
0.9255 16
0.9256 12
0.926 11
0.9263 6
0.9263 27
0.9268 0
0.9268 3
0.9268 5
0.9275 8
0.9276 15
0.9284 16
0.9287 14
0.9287 24
0.9292 7
0.9295 22
0.9297 29
0.9298 13
0.9299 12
0.93 27
0.9306 9
0.9306 20
0.9307 1
0.9309 19
0.9311 21
0.9312 3
0.9313 16
0.9319 15
0.932 14
0.9324 8
0.9326 0
0.933 11
0.9336 27
0.9341 12
0.9342 7
0.9342 16
0.9344 18
0.9346 13
0.9347 24
0.9348 29
0.9352 17
0.9353 14
0.9355 6
0.9356 3
0.9358 9
0.9359 22
0.9361 15
0.9371 16
0.9373 8
0.9373 27
0.9375 1
0.9383 12
0.9384 0
0.9386 14
0.9389 21
0.9393 7
0.9394 13
0.9397 20
0.9398 29
0.9399 3
0.94 16
0.9402 11
0.9404 15
0.9405 24
0.9409 9
0.9409 27
0.941 26
0.9419 14
0.9422 8
0.9422 22
0.9426 12
0.9429 16
0.9436 5
0.944 1
0.9441 0
0.9441 6
0.9442 3
0.9444 7
0.9444 13
0.9446 27
0.9448 15
0.9451 29
0.9452 14
0.9454 18
0.9458 16
0.9462 9
0.9464 24
0.9468 12
0.9471 8
0.9472 11
0.9476 21
0.9484 20
0.9484 27
0.9485 14
0.9486 3
0.9487 16
0.9488 19
0.949 22
0.9491 13
0.9491 15
0.9495 7
0.9498 0
0.9501 29
0.9508 1
0.951 12
0.9514 25
0.9516 9
0.9516 16
0.9519 14
0.952 8
0.952 27
0.9522 24
0.953 3
0.9536 15
0.9538 6
0.954 13
0.9543 11
0.9546 16
0.9546 17
0.9548 7
0.9553 12
0.9553 14
0.9555 29
0.9557 0
0.9557 21
0.9558 22
0.9558 27
0.957 8
0.957 18
0.9571 9
0.9574 3
0.9575 16
0.9578 20
0.9579 15
0.958 1
0.9582 24
0.9586 14
0.9589 13
0.9595 27
0.9596 12
0.9598 26
0.9601 7
0.9604 16
0.9607 29
0.9614 5
0.9615 11
0.9616 0
0.9619 3
0.962 8
0.962 14
0.9622 22
0.9623 15
0.9626 9
0.9627 6
0.9632 27
0.9633 16
0.9637 13
0.9641 12
0.9642 21
0.9642 24
0.965 7
0.9653 1
0.9653 14
0.9659 29
0.9662 16
0.9664 3
0.9666 15
0.9666 20
0.967 8
0.967 27
0.9674 0
0.9679 9
0.968 19
0.9685 12
0.9686 11
0.9686 13
0.9687 14
0.969 22
0.9691 16
0.9702 7
0.9704 24
0.9706 27
0.9708 3
0.971 15
0.9712 18
0.9716 29
0.972 8
0.9721 14
0.9721 16
0.9724 21
0.9725 1
0.9725 6
0.973 12
0.9735 0
0.9735 9
0.9737 13
0.9743 27
0.9751 16
0.9753 3
0.9754 14
0.9754 15
0.9757 7
0.9758 11
0.9761 17
0.9763 20
0.9764 22
0.9764 24
0.9769 8
0.9769 29
0.9774 12
0.978 16
0.978 27
0.9788 13
0.9788 14
0.9792 9
0.9796 0
0.9796 1
0.9797 3
0.9799 15
0.9809 16
0.9813 7
0.9814 6
0.9815 21
0.9818 8
0.9818 12
0.9818 27
0.9822 14
0.9823 5
0.9826 29
0.9827 24
0.983 11
0.9831 22
0.9837 13
0.9837 26
0.9838 16
0.9841 3
0.9844 15
0.9846 9
0.9849 18
0.9855 0
0.9856 14
0.9858 27
0.9859 20
0.9863 12
0.9865 7
0.9867 16
0.9868 8
0.9869 1
0.988 29
0.9885 3
0.9886 13
0.9888 24
0.989 14
0.989 15
0.9896 16
0.9896 27
0.9899 19
0.9899 22
0.9902 9
0.9902 11
0.9908 12
0.991 21
0.9912 6
0.9917 0
0.9918 8
0.9919 7
0.9924 14
0.9926 16
0.993 3
0.9933 27
0.9935 13
0.9935 15
0.9935 29
0.9944 1
0.9952 12
0.9952 24
0.9956 16
0.9958 9
0.9959 14
0.9961 20
0.9969 8
0.9971 27
0.9975 3
0.9975 11
0.9975 22
0.9977 7
0.9979 0
0.9983 15
0.9986 16
0.9988 13
0.9994 14
0.9996 29
0.9998 12
