0.2163 0
0.2163 1
0.2163 2
0.2163 3
0.2163 4
0.2163 5
0.2163 6
0.2163 7
0.2163 8
0.2163 9
0.2217 9
0.2221 0
0.2222 3
0.2226 1
0.2227 2
0.2227 7
0.2227 8
0.2232 6
0.2233 5
0.2243 4
0.2262 9
0.227 0
0.2272 3
0.228 1
0.2283 2
0.2283 7
0.2283 8
0.2294 6
0.2297 5
0.2304 9
0.2315 0
0.2319 3
0.2323 4
0.2329 1
0.2335 7
0.2336 2
0.2337 8
0.2344 9
0.2352 6
0.2356 16
0.2357 0
0.2357 5
0.2362 3
0.2375 1
0.2384 7
0.2384 9
0.2386 2
0.2388 8
0.2396 0
0.2403 4
0.2404 3
0.2408 6
0.2408 16
0.2414 5
0.2421 1
0.2421 9
0.2431 7
0.2432 0
0.2433 2
0.2433 13
0.2436 8
0.2444 23
0.2445 3
0.2452 16
0.2457 9
0.2462 6
0.2465 1
0.2467 0
0.2469 5
0.2477 7
0.248 25
0.2481 2
0.2483 4
0.2484 8
0.2486 3
0.2492 9
0.2493 16
0.2501 0
0.2503 13
0.2508 1
0.251 23
0.2514 6
0.2522 7
0.2522 27
0.2523 5
0.2526 2
0.2526 3
0.2527 9
0.253 8
0.2531 16
0.2535 0
0.2549 1
0.2555 25
0.2562 9
0.2563 4
0.2565 13
0.2566 3
0.2566 6
0.2566 7
0.2568 16
0.2568 23
0.2569 0
0.2571 2
0.2576 8
0.2577 5
0.259 1
0.2596 9
0.2602 0
0.2604 16
0.2605 3
0.2605 14
0.2609 7
0.2609 27
0.2615 2
0.2615 6
0.2619 12
0.262 25
0.2621 8
0.2621 13
0.2621 23
0.2629 5
0.263 9
0.2631 1
0.2634 0
0.2637 16
0.2642 3
0.2643 4
0.265 7
0.2658 2
0.2662 6
0.2663 9
0.2665 8
0.2666 0
0.267 16
0.2671 1
0.2671 23
0.2673 13
0.2676 27
0.2678 3
0.2678 5
0.268 25
0.2689 14
0.269 7
0.2696 9
0.2697 0
0.2702 2
0.2702 16
0.2705 12
0.2707 6
0.2709 8
0.271 22
0.2711 1
0.2714 3
0.2719 23
0.2723 4
0.2723 18
0.2724 5
0.2724 13
0.2726 19
0.2727 9
0.2728 0
0.2728 7
0.2731 27
0.2733 16
0.2736 25
0.2742 2
0.2746 17
0.2749 1
0.2749 3
0.2751 8
0.2752 6
0.2758 9
0.2758 14
0.2759 0
0.2763 16
0.2765 23
0.2766 7
0.2769 5
0.277 12
0.2771 20
0.2772 13
0.2775 29
0.2777 27
0.2782 2
0.2784 3
0.2787 1
0.2789 0
0.2789 9
0.279 25
0.2792 16
0.2794 6
0.2794 8
0.2796 22
0.2798 4
0.2802 7
0.2803 18
0.2809 19
0.2809 23
0.2811 5
0.2817 13
0.2818 3
0.2818 14
0.2818 27
0.2819 0
0.2819 9
0.282 2
0.2822 16
0.2822 17
0.2824 1
0.2827 12
0.2834 6
0.2836 8
0.2837 7
0.284 25
0.2849 0
0.2849 9
0.2851 16
0.2852 3
0.2852 5
0.2853 23
0.2857 20
0.2858 2
0.2858 27
0.2858 29
0.286 1
0.286 22
0.2862 13
0.2868 4
0.2869 18
0.2871 14
0.2872 7
0.2873 6
0.2876 19
0.2878 0
0.2878 8
0.2879 9
0.2879 12
0.2879 16
0.2882 26
0.2883 17
0.2885 3
0.2889 25
0.2892 5
0.2894 2
0.2894 27
0.2895 1
0.2895 23
0.2905 13
0.2906 7
0.2907 0
0.2907 16
0.2909 9
0.2911 6
0.2915 22
0.2918 3
0.292 8
0.292 14
0.2921 29
0.2924 20
0.2928 18
0.2929 12
0.293 1
0.293 27
0.2931 2
0.2931 5
0.2932 15
0.2934 4
0.2935 16
0.2936 0
0.2936 19
0.2937 17
0.2937 23
0.2937 25
0.2938 9
0.2939 7
0.2947 13
0.2948 6
0.295 3
0.2959 8
0.296 26
0.2962 16
0.2964 1
0.2964 14
0.2965 0
0.2965 22
0.2965 27
0.2966 2
0.2967 9
0.297 5
0.2972 7
0.2973 12
0.2976 29
0.2978 23
0.2982 3
0.2982 18
0.2982 20
0.2983 25
0.2985 6
0.2987 17
0.2988 13
0.2988 19
0.2989 16
0.2993 0
0.2996 4
0.2996 9
0.2998 1
0.2998 27
0.2999 8
0.3 15
0.3002 2
0.3006 14
0.3011 22
0.3012 7
0.3015 12
0.3016 16
0.3019 23
0.3023 3
0.3024 26
0.3027 0
0.3028 9
0.303 5
0.303 13
0.303 29
0.3031 25
0.3031 27
0.3035 17
0.3035 18
0.3035 20
0.3036 19
0.3043 16
0.3048 14
0.3053 6
0.3056 1
0.3057 12
0.3057 15
0.3059 22
0.306 2
0.306 7
0.3061 0
0.3062 9
0.3062 23
0.3064 27
0.3066 3
0.307 16
0.3074 13
0.308 25
0.3081 19
0.3081 26
0.3082 17
0.3083 29
0.3087 18
0.309 14
0.309 20
0.3095 0
0.3095 24
0.3097 9
0.3097 16
0.3097 27
0.31 12
0.3105 23
0.3106 22
0.3109 15
0.311 7
0.3111 3
0.3114 1
0.3117 6
0.3118 8
0.312 2
0.312 5
0.3123 13
0.3124 16
0.3125 21
0.3126 19
0.3128 17
0.3129 0
0.313 9
0.313 27
0.3132 14
0.3133 25
0.3134 26
0.3136 29
0.3139 18
0.3142 12
0.3146 20
0.3146 23
0.315 22
0.3151 16
0.3155 7
0.3156 3
0.3159 15
0.3162 27
0.3163 0
0.3164 9
0.317 19
0.3172 1
0.3174 13
0.3174 14
0.3174 17
0.3176 11
0.3178 16
0.3179 6
0.3182 2
0.3185 12
0.3185 24
0.3186 26
0.3187 23
0.3189 29
0.319 25
0.3191 18
0.3194 22
0.3194 27
0.3198 0
0.3198 9
0.3201 3
0.3202 7
0.3203 20
0.3205 16
0.3206 5
0.3206 15
0.3213 19
0.3215 14
0.3217 17
0.3225 1
0.3226 27
0.3228 12
0.3228 13
0.323 23
0.3232 0
0.3232 16
0.3233 9
0.3236 26
0.3239 6
0.3239 22
0.324 29
0.3241 18
0.3245 2
0.3247 3
0.3247 25
0.325 7
0.3253 15
0.3256 19
0.3257 14
0.3258 27
0.3259 16
0.326 8
0.3261 17
0.3262 20
0.3264 24
0.3267 0
0.3267 9
0.3271 12
0.3273 23
0.3278 1
0.3283 22
0.3284 26
0.3286 13
0.3286 16
0.329 27
0.3293 3
0.3293 5
0.3294 18
0.3294 29
0.3299 6
0.3299 14
0.33 7
0.33 15
0.33 19
0.3301 0
0.3302 9
0.3305 17
0.3307 25
0.3308 2
0.3312 12
0.3313 16
0.3316 23
0.3321 11
0.3322 20
0.3322 27
0.3326 22
0.333 1
0.3331 26
0.3336 0
0.3337 9
0.3339 3
0.3339 24
0.334 14
0.334 16
0.3343 19
0.3345 13
0.3345 15
0.3346 18
0.3348 7
0.3348 29
0.3349 17
0.3353 27
0.3355 12
0.3358 6
0.336 23
0.3367 16
0.3368 21
0.337 22
0.3371 0
0.3371 2
0.3371 25
0.3372 9
0.3378 26
0.3381 1
0.3381 14
0.3383 20
0.3384 5
0.3384 27
0.3385 3
0.3385 19
0.3391 15
0.3393 17
0.3394 7
0.3394 16
0.3398 18
0.3399 12
0.3402 29
0.3403 23
0.3405 0
0.3406 9
0.3407 13
0.341 8
0.3411 24
0.3412 22
0.3415 6
0.3415 27
0.3421 14
0.3421 16
0.3425 26
0.3427 19
0.3431 3
0.3433 1
0.3435 2
0.3435 11
0.3435 25
0.3436 15
0.3436 17
0.344 0
0.3441 7
0.3441 9
0.3442 12
0.3443 20
0.3446 27
0.3447 16
0.3447 23
0.345 18
0.3454 22
0.3457 29
0.346 14
0.3467 19
0.3468 5
0.3471 26
0.3472 6
0.3474 13
0.3474 16
0.3475 0
0.3476 3
0.3476 9
0.3477 27
0.3479 17
0.348 15
0.3482 1
0.3483 24
0.3485 12
0.3488 7
0.3491 23
0.3496 22
0.3498 2
0.3499 14
0.3499 25
0.3501 16
0.3501 18
0.3503 20
0.3508 19
0.3508 27
0.351 0
0.351 9
0.351 29
0.3517 26
0.352 3
0.3522 17
0.3524 15
0.3528 6
0.3528 16
0.3529 12
0.3532 1
0.3535 23
0.3536 7
0.3538 22
0.354 27
0.3541 13
0.3541 14
0.3544 9
0.3545 0
0.3547 11
0.3549 19
0.3553 24
0.3554 18
0.3555 8
0.3555 16
0.3559 5
0.3561 2
0.3563 20
0.3563 26
0.3564 17
0.3565 3
0.3566 25
0.3566 29
0.3567 15
0.3571 27
0.3572 12
0.3578 10
0.3579 0
0.3579 9
0.358 1
0.358 14
0.3581 22
0.3581 23
0.3582 16
0.3584 6
0.3584 7
0.3589 19
0.359 21
0.3601 27
0.3605 18
0.3606 13
0.3606 26
0.3608 3
0.3608 17
0.3609 16
0.3611 15
0.3613 9
0.3614 0
0.3615 12
0.3617 2
0.3618 20
0.362 14
0.362 29
0.3621 24
0.3622 22
0.3624 23
0.3629 1
0.3629 19
0.363 7
0.3631 27
0.3632 25
0.3636 16
0.3639 6
0.3641 11
0.3645 5
0.3647 9
0.3649 0
0.3649 26
0.3651 3
0.3651 17
0.3654 15
0.3657 18
0.3658 12
0.366 14
0.3661 27
0.3663 16
0.3663 22
0.3667 23
0.3669 19
0.3672 13
0.3673 29
0.3674 20
0.3675 1
0.3675 2
0.3676 7
0.3681 9
0.3684 0
0.3689 24
0.369 16
0.3692 27
0.3693 17
0.3693 26
0.3694 3
0.3695 6
0.3696 15
0.3696 25
0.3697 8
0.37 12
0.37 14
0.3705 22
0.3709 18
0.3709 19
0.3711 23
0.3715 9
0.3717 16
0.3719 0
0.3722 1
0.3722 27
0.3723 7
0.3728 29
0.3729 5
0.373 20
0.3732 2
0.3737 17
0.3737 26
0.3738 3
0.374 13
0.3741 11
0.3741 14
0.3741 15
0.3743 12
0.3744 16
0.3744 21
0.3747 22
0.3749 9
0.3749 19
0.375 6
0.3752 27
0.3753 0
0.3755 23
0.3756 24
0.3759 18
0.376 25
0.3766 7
0.3767 1
0.3771 16
0.3779 17
0.3781 14
0.3781 26
0.3781 29
0.3782 3
0.3782 27
0.3783 9
0.3784 15
0.3785 12
0.3786 20
0.3788 0
0.3788 22
0.3789 2
0.3789 19
0.3798 16
0.3798 23
0.3799 10
0.3804 6
0.381 13
0.3811 7
0.3811 18
0.3812 27
0.3814 1
0.3816 5
0.3817 9
0.3822 14
0.3822 17
0.3823 0
0.3823 26
0.3824 3
0.3824 24
0.3825 16
0.3826 25
0.3827 12
0.3827 15
0.3829 19
0.3829 22
0.383 11
0.3831 8
0.3833 29
0.3838 20
0.3841 23
0.3842 2
0.3842 27
0.385 9
0.3852 16
0.3856 7
0.3857 0
0.3858 6
0.386 1
0.3861 14
0.3862 18
0.3865 17
0.3866 3
0.3866 26
0.3869 15
0.3869 19
0.387 12
0.387 21
0.3871 22
0.3872 27
0.3877 13
0.3878 16
0.3882 9
0.3884 23
0.3885 29
0.389 20
0.3891 24
0.3892 0
0.3892 25
0.3895 2
0.3897 5
0.39 14
0.3901 7
0.3902 27
0.3905 16
0.3907 1
0.3907 17
0.3908 3
0.3909 19
0.391 26
0.3911 15
0.3912 6
0.3912 18
0.3912 22
0.3913 11
0.3913 12
0.3915 9
0.3926 0
0.3926 23
0.3931 16
0.3932 27
0.3935 29
0.3939 14
0.3942 13
0.3943 20
0.3946 7
0.3948 17
0.3949 9
0.3949 19
0.3951 2
0.3951 3
0.3952 15
0.3953 1
0.3953 22
0.3954 26
0.3956 12
0.3956 24
0.3956 25
0.3957 8
0.3957 16
0.396 0
0.3962 18
0.3962 27
0.3965 6
0.3969 23
0.3976 10
0.3977 14
0.3979 5
0.3982 9
0.3984 16
0.3987 29
0.3988 19
0.3989 17
0.3991 7
0.3992 3
0.3992 27
0.3994 0
0.3994 15
0.3994 20
0.3994 22
0.3996 26
0.3997 21
0.3998 11
0.3998 12
0.3999 1
0.4004 2
0.4007 13
0.401 16
0.4011 18
0.4011 23
0.4014 9
0.4014 14
0.4017 6
0.4018 25
0.4021 24
0.4021 27
0.4026 19
0.4028 0
0.4028 17
0.4033 3
0.4033 22
0.4034 7
0.4034 15
0.4036 16
0.4038 26
0.4038 29
0.404 12
0.4043 1
0.4044 20
0.4046 9
0.4051 27
0.4052 14
0.4052 23
0.4057 2
0.4061 5
0.4062 0
0.4062 18
0.4063 16
0.4065 19
0.4069 6
0.407 17
0.4073 22
0.4074 3
0.4074 13
0.4075 15
0.4076 7
0.4076 11
0.4079 8
0.408 9
0.408 26
0.408 27
0.4081 12
0.4081 25
0.4085 24
0.4087 1
0.4087 29
0.4088 14
0.4089 16
0.4094 20
0.4094 23
0.4096 0
0.4104 19
0.411 17
0.411 27
0.4111 2
0.4111 18
0.4113 9
0.4113 22
0.4114 15
0.4115 3
0.4116 16
0.4116 21
0.412 7
0.4121 6
0.4122 26
0.4123 12
0.4124 10
0.4125 14
0.413 0
0.4131 1
0.4135 23
0.4137 5
0.4137 29
0.4139 27
0.414 13
0.4142 16
0.4143 19
0.4143 20
0.4144 25
0.4145 9
0.4149 24
0.4151 11
0.4151 17
0.4152 22
0.4154 15
0.4155 3
0.416 18
0.4161 2
0.4162 7
0.4162 14
0.4163 0
0.4163 12
0.4163 26
0.4168 16
0.4168 27
0.4172 6
0.4175 1
0.4176 23
0.4177 9
0.4181 19
0.4186 29
0.4191 17
0.4191 20
0.4191 22
0.4192 8
0.4194 15
0.4194 16
0.4195 3
0.4197 0
0.4198 27
0.42 14
0.4204 26
0.4205 7
0.4205 12
0.4205 13
0.4206 25
0.4209 9
0.421 18
0.4212 2
0.4212 24
0.4214 5
0.4217 23
0.4219 19
0.4219 21
0.422 1
0.422 16
0.4222 6
0.4225 11
0.4227 27
0.423 0
0.423 17
0.423 22
0.4234 15
0.4234 29
0.4235 3
0.4237 14
0.424 20
0.4241 9
0.4245 7
0.4245 12
0.4246 16
0.4246 26
0.4256 27
0.4257 23
0.4258 10
0.4258 18
0.4258 19
0.4263 0
0.4263 1
0.4264 2
0.4267 25
0.4268 13
0.4269 22
0.427 17
0.4272 16
0.4273 6
0.4273 9
0.4274 3
0.4274 15
0.4274 24
0.4275 14
0.4283 29
0.4285 12
0.4285 27
0.4286 7
0.4286 20
0.4286 26
0.4292 5
0.4295 11
0.4296 0
0.4296 19
0.4297 8
0.4298 16
0.4298 23
0.4305 9
0.4306 1
0.4306 18
0.4308 22
0.431 17
0.4311 14
0.4313 15
0.4313 21
0.4314 2
0.4314 3
0.4314 27
0.4323 6
0.4324 12
0.4324 16
0.4326 7
0.4326 25
0.4327 26
0.4329 0
0.433 29
0.4331 13
0.4333 19
0.4333 20
0.4335 24
0.4336 9
0.4338 23
0.4343 27
0.4345 22
0.4347 14
0.4348 1
0.435 16
0.435 17
0.4352 15
0.4353 3
0.4355 18
0.436 11
0.4362 0
0.4364 2
0.4364 12
0.4365 5
0.4367 7
0.4368 9
0.4368 26
0.437 19
0.4372 6
0.4372 27
0.4376 16
0.4377 29
0.4378 23
0.4381 20
0.4383 14
0.4383 22
0.4385 25
0.4387 10
0.4389 1
0.4389 17
0.4391 15
0.4392 3
0.4393 13
0.4395 0
0.4396 24
0.4397 8
0.44 9
0.4401 27
0.4402 16
0.4402 18
0.4404 12
0.4408 7
0.4408 19
0.4408 21
0.4408 26
0.4412 2
0.4418 23
0.4419 14
0.442 22
0.4421 6
0.4424 29
0.4427 20
0.4428 11
0.4428 16
0.4428 17
0.4429 0
0.443 3
0.443 15
0.443 27
0.4431 1
0.4431 9
0.4434 5
0.4444 12
0.4444 25
0.4446 19
0.4448 7
0.4448 26
0.4449 18
0.4454 13
0.4454 16
0.4455 14
0.4456 24
0.4457 22
0.4458 23
0.4459 27
0.446 2
0.4462 0
0.4462 9
0.4466 17
0.4468 3
0.4468 15
0.447 6
0.447 29
0.4473 1
0.4473 20
0.448 16
0.4483 12
0.4483 19
0.4488 7
0.4488 27
0.4489 26
0.4491 14
0.4494 8
0.4494 9
0.4494 22
0.4495 0
0.4495 11
0.4497 18
0.4499 23
0.4501 21
0.4503 25
0.4504 5
0.4505 17
0.4506 3
0.4506 15
0.4506 16
0.4507 10
0.4509 2
0.4514 1
0.4515 13
0.4515 24
0.4516 29
0.4517 27
0.4518 6
0.4519 20
0.452 19
0.4521 12
0.4525 9
0.4526 14
0.4527 7
0.4528 0
0.4528 26
0.453 22
0.4532 16
0.4538 23
0.4543 3
0.4543 15
0.4543 17
0.4543 18
0.4546 27
0.4556 9
0.4557 1
0.4557 2
0.4557 11
0.4557 19
0.4558 16
0.456 12
0.4561 0
0.4561 14
0.4561 25
0.4562 29
0.4565 20
0.4566 6
0.4567 7
0.4567 22
0.4568 26
0.4572 5
0.4574 24
0.4574 27
0.4576 13
0.4578 23
0.458 3
0.458 15
0.4581 17
0.4584 16
0.4585 21
0.4587 8
0.4587 9
0.4589 18
0.4593 0
0.4594 19
0.4595 14
0.4598 1
0.4598 12
0.4602 27
0.4603 22
0.4605 2
0.4606 7
0.4607 29
0.4608 26
0.461 16
0.4611 20
0.4613 6
0.4617 3
0.4617 9
0.4617 23
0.4617 25
0.4618 11
0.4618 15
0.4619 17
0.4621 10
0.4625 0
0.463 14
0.4631 19
0.4631 27
0.4632 24
0.4636 13
0.4636 16
0.4636 18
0.4638 1
0.4638 12
0.4639 5
0.4639 22
0.4645 7
0.4647 26
0.4648 9
0.4651 2
0.4652 29
0.4654 3
0.4655 15
0.4655 20
0.4656 17
0.4657 23
0.4658 0
0.466 27
0.4661 6
0.4662 16
0.4664 21
0.4665 14
0.4668 19
0.4672 25
0.4674 22
0.4676 8
0.4676 12
0.4679 1
0.4679 9
0.4679 11
0.4682 18
0.4683 7
0.4686 26
0.4688 16
0.4688 27
0.4689 24
0.4691 0
0.4691 3
0.4692 15
0.4693 17
0.4695 13
0.4696 23
0.4697 29
0.4698 2
0.4699 14
0.4701 20
0.4704 5
0.4704 19
0.4708 6
0.471 9
0.471 22
0.4714 12
0.4714 16
0.4716 27
0.4719 1
0.472 7
0.4723 0
0.4725 26
0.4727 18
0.4727 25
0.4728 3
0.4729 10
0.4729 15
0.4731 17
0.4734 14
0.4735 23
0.474 11
0.474 16
0.4741 9
0.4741 19
0.4741 29
0.4742 21
0.4744 2
0.4744 27
0.4745 24
0.4746 20
0.4746 22
0.4752 12
0.4754 6
0.4754 13
0.4755 0
0.4757 7
0.4759 1
0.4763 8
0.4763 26
0.4764 3
0.4765 15
0.4766 16
0.4768 14
0.4768 17
0.4769 5
0.4771 9
0.4772 27
0.4773 18
0.4773 23
0.4778 19
0.4781 22
0.4782 25
0.4784 29
0.4787 0
0.4789 12
0.479 2
0.479 20
0.4792 16
0.4795 7
0.4799 11
0.48 1
0.48 24
0.48 27
0.4801 3
0.4801 6
0.4801 9
0.4802 15
0.4802 26
0.4803 14
0.4805 17
0.4811 13
0.4812 23
0.4815 19
0.4817 16
0.4817 22
0.4819 0
0.4819 18
0.4821 21
0.4827 12
0.4828 27
0.4828 29
0.4831 9
0.4832 5
0.4833 7
0.4834 10
0.4835 20
0.4837 2
0.4837 25
0.4838 3
0.4838 14
0.4839 15
0.484 1
0.4841 26
0.4842 17
0.4843 16
0.4848 6
0.4848 8
0.485 23
0.4851 0
0.4851 19
0.4852 22
0.4855 24
0.4856 11
0.4856 27
0.4861 9
0.4864 18
0.4865 12
0.4867 13
0.4869 16
0.487 7
0.4872 14
0.4872 29
0.4875 3
0.4875 15
0.4878 17
0.4879 1
0.4879 20
0.4879 26
0.4882 2
0.4883 0
0.4884 27
0.4887 19
0.4888 22
0.4889 23
0.4891 9
0.4892 25
0.4893 5
0.4894 6
0.4894 21
0.4895 16
0.4902 12
0.4907 7
0.4907 14
0.4909 18
0.4909 24
0.4912 3
0.4912 15
0.4912 27
0.4913 11
0.4915 0
0.4915 17
0.4915 29
0.4918 26
0.4919 1
0.492 16
0.4921 9
0.4922 13
0.4923 19
0.4923 22
0.4924 20
0.4927 23
0.4928 2
0.493 8
0.4934 10
0.4939 12
0.494 6
0.494 14
0.494 27
0.4944 7
0.4945 16
0.4946 25
0.4947 0
0.4948 3
0.4948 15
0.4951 9
0.4951 17
0.4954 5
0.4955 18
0.4956 26
0.4958 22
0.4958 29
0.4959 1
0.4959 19
0.4962 24
0.4965 23
0.4966 21
0.4967 20
0.4968 27
0.4971 11
0.4971 16
0.4972 2
0.4974 14
0.4976 12
0.4977 13
0.4979 0
0.498 7
0.4981 9
0.4983 15
0.4984 3
0.4986 6
0.4987 17
0.4993 22
0.4994 26
0.4995 19
0.4996 16
0.4996 27
0.4998 1
0.4999 25
0.5 18
0.5 29
0.5002 23
0.5008 14
0.501 8
0.5011 0
0.5011 9
0.5011 20
0.5013 12
0.5014 24
0.5016 5
0.5017 2
0.5018 7
0.5019 15
0.502 3
0.5021 16
0.5023 17
0.5024 27
0.5028 11
0.5029 22
0.503 10
0.5031 6
0.5031 19
0.5033 13
0.5033 26
0.5038 1
0.504 21
0.504 23
0.5041 9
0.5041 14
0.5041 29
0.5043 0
0.5044 18
0.5046 16
0.505 12
0.5051 25
0.5051 27
0.5053 20
0.5054 7
0.5054 15
0.5056 3
0.5058 17
0.506 2
0.5064 22
0.5066 24
0.5067 19
0.5071 9
0.5071 26
0.5072 16
0.5074 14
0.5075 0
0.5076 6
0.5077 5
0.5078 1
0.5078 23
0.5079 27
0.5083 11
0.5083 29
0.5088 12
0.5088 13
0.5088 18
0.509 7
0.509 15
0.5091 8
0.5092 3
0.5094 17
0.5095 20
0.5097 16
0.5099 22
0.51 9
0.5103 19
0.5103 25
0.5105 2
0.5106 0
0.5106 14
0.5107 27
0.5109 26
0.5111 21
0.5115 23
0.5117 1
0.5117 24
0.512 6
0.5122 16
0.5123 10
0.5125 12
0.5125 15
0.5125 29
0.5126 7
0.5128 3
0.513 9
0.513 17
0.5132 18
0.5134 22
0.5135 27
0.5136 5
0.5137 11
0.5137 20
0.5138 0
0.5139 14
0.5139 19
0.5143 13
0.5147 16
0.5147 26
0.5148 2
0.5152 23
0.5155 1
0.5155 25
0.5159 15
0.516 9
0.5161 12
0.5162 7
0.5163 3
0.5163 27
0.5165 6
0.5165 17
0.5167 29
0.5169 8
0.5169 22
0.5169 24
0.517 0
0.5172 14
0.5172 16
0.5175 19
0.5176 18
0.5179 20
0.5179 21
0.5185 26
0.5189 23
0.519 9
0.5191 27
0.5192 2
0.5192 11
0.5194 1
0.5194 15
0.5195 5
0.5197 16
0.5198 7
0.5198 12
0.5198 13
0.5199 3
0.5201 17
0.5202 0
0.5204 22
0.5205 14
0.5207 25
0.5208 29
0.521 6
0.521 19
0.5214 10
0.5218 27
0.5219 18
0.522 9
0.522 24
0.5221 20
0.5222 16
0.5223 26
0.5226 23
0.5229 15
0.5232 1
0.5233 0
0.5234 3
0.5234 12
0.5235 2
0.5235 7
0.5237 17
0.5239 14
0.5239 22
0.5245 8
0.5245 19
0.5246 21
0.5246 27
0.5247 11
0.5247 16
0.5249 9
0.5249 29
0.5253 13
0.5254 5
0.5254 6
0.5259 25
0.526 26
0.5262 18
0.5262 20
0.5263 23
0.5264 0
0.5264 15
0.5269 3
0.527 1
0.527 12
0.5271 7
0.5272 14
0.5272 16
0.5272 17
0.5272 24
0.5273 22
0.5273 27
0.5278 9
0.5279 2
0.528 19
0.5289 29
0.5296 0
0.5297 16
0.5298 6
0.5298 26
0.53 15
0.53 23
0.5301 11
0.5301 27
0.5304 20
0.5305 3
0.5305 10
0.5306 14
0.5306 18
0.5307 12
0.5307 13
0.5308 7
0.5308 9
0.5308 17
0.5308 22
0.5309 1
0.5311 25
0.5313 5
0.5314 21
0.5315 19
0.532 8
0.5322 2
0.5322 16
0.5323 24
0.5327 0
0.5328 27
0.5329 29
0.5335 15
0.5335 26
0.5337 23
0.5338 9
0.5339 14
0.534 3
0.5343 6
0.5343 12
0.5343 22
0.5344 7
0.5344 17
0.5345 20
0.5347 16
0.5348 1
0.5349 18
0.5351 19
0.5354 11
0.5355 27
0.5358 0
0.536 13
0.5362 25
0.5365 2
0.5368 9
0.5369 15
0.537 29
0.5371 5
0.5372 14
0.5372 16
0.5373 26
0.5374 23
0.5374 24
0.5375 3
0.5378 22
0.5379 12
0.5379 17
0.538 7
0.5383 21
0.5383 27
0.5386 19
0.5387 1
0.5387 6
0.5387 20
0.5389 0
0.5392 18
0.5394 10
0.5395 8
0.5397 9
0.5397 16
0.5404 15
0.5405 14
0.5407 2
0.5407 11
0.541 3
0.541 26
0.541 27
0.5411 23
0.5411 29
0.5412 13
0.5412 22
0.5413 25
0.5414 17
0.5415 12
0.5416 7
0.5421 0
0.5421 19
0.5422 16
0.5425 1
0.5425 24
0.5426 9
0.5427 5
0.5427 20
0.543 6
0.5436 18
0.5438 14
0.5438 15
0.5438 27
0.5445 3
0.5447 16
0.5447 22
0.5448 23
0.5448 26
0.5449 17
0.5449 21
0.545 2
0.545 12
0.5451 29
0.5452 0
0.5452 7
0.5455 9
0.5456 19
0.546 11
0.5463 1
0.5464 13
0.5464 25
0.5465 27
0.5468 20
0.547 8
0.5471 14
0.5472 16
0.5473 15
0.5474 6
0.5476 24
0.548 3
0.548 10
0.548 18
0.5481 22
0.5483 0
0.5484 5
0.5484 9
0.5484 17
0.5485 23
0.5486 12
0.5486 26
0.5488 7
0.5491 19
0.5492 27
0.5492 29
0.5493 2
0.5497 16
0.5501 1
0.5503 14
0.5508 15
0.5508 20
0.5513 9
0.5513 11
0.5514 0
0.5514 3
0.5514 21
0.5514 25
0.5516 13
0.5516 22
0.5518 6
0.5519 17
0.5519 27
0.5522 12
0.5522 16
0.5522 23
0.5523 7
0.5523 18
0.5524 26
0.5526 19
0.5526 24
0.5532 29
0.5535 14
0.5536 2
0.5538 1
0.5542 5
0.5542 9
0.5542 15
0.5544 8
0.5546 0
0.5546 27
0.5547 16
0.5548 3
0.5549 20
0.555 22
0.5554 17
0.5557 12
0.5558 7
0.5558 23
0.5561 6
0.5561 19
0.5562 26
0.5564 10
0.5564 25
0.5565 11
0.5565 18
0.5567 14
0.5568 13
0.5571 9
0.5571 29
0.5572 16
0.5573 27
0.5575 1
0.5576 15
0.5576 24
0.5577 0
0.5578 2
0.5579 21
0.5582 3
0.5584 22
0.5588 17
0.5589 20
0.5592 12
0.5593 7
0.5594 23
0.5596 19
0.5597 16
0.5598 5
0.5599 14
0.5599 26
0.56 9
0.56 27
0.5604 6
0.5608 0
0.5608 18
0.561 15
0.561 29
0.5613 1
0.5614 25
0.5616 3
0.5616 11
0.5617 8
0.5618 22
0.562 2
0.562 13
0.5622 16
0.5623 17
0.5626 24
0.5627 12
0.5627 27
0.5628 7
0.5629 9
0.563 20
0.563 23
0.5631 14
0.5631 19
0.5636 26
0.5639 0
0.5643 15
0.5645 21
0.5647 6
0.5647 10
0.5647 16
0.565 3
0.565 29
0.5651 1
0.5651 18
0.5652 22
0.5653 5
0.5654 27
0.5658 9
0.5658 17
0.5662 2
0.5662 12
0.5663 7
0.5664 14
0.5664 25
0.5666 19
0.5666 23
0.5667 11
0.567 0
0.567 20
0.5671 13
0.5672 16
0.5673 26
0.5676 24
0.5677 15
0.5681 27
0.5684 3
0.5686 22
0.5687 9
0.5689 1
0.5689 8
0.569 6
0.569 29
0.5692 17
0.5694 18
0.5696 14
0.5697 12
0.5697 16
0.5699 7
0.5701 0
0.5701 19
0.5702 23
0.5705 2
0.5708 5
0.5708 21
0.5708 27
0.571 26
0.5711 15
0.5711 20
0.5714 25
0.5716 9
0.5718 3
0.5718 11
0.572 22
0.5722 13
0.5722 16
0.5726 24
0.5727 1
0.5727 17
0.5728 14
0.5729 29
0.573 10
0.5732 0
0.5732 12
0.5733 6
0.5734 7
0.5735 27
0.5736 18
0.5736 19
0.5738 23
0.5745 9
0.5745 15
0.5746 26
0.5747 2
0.5747 16
0.5751 20
0.5752 3
0.5754 22
0.576 8
0.576 14
0.5762 17
0.5762 27
0.5763 0
0.5764 5
0.5765 1
0.5765 25
0.5768 12
0.5769 7
0.5769 11
0.5769 29
0.577 21
0.5771 19
0.5772 16
0.5774 9
0.5774 13
0.5774 23
0.5775 6
0.5776 24
0.5778 18
0.5779 15
0.5783 26
0.5786 3
0.5787 22
0.5789 2
0.5789 27
0.5792 14
0.5792 20
0.5794 0
0.5796 17
0.5797 16
0.5803 1
0.5803 7
0.5803 9
0.5803 12
0.5806 19
0.5809 29
0.581 23
0.5811 10
0.5813 15
0.5815 25
0.5816 27
0.5818 6
0.5819 26
0.582 3
0.582 5
0.582 11
0.5821 18
0.5821 22
0.5822 16
0.5824 14
0.5825 0
0.5826 13
0.5826 24
0.583 2
0.583 17
0.5831 8
0.5832 9
0.5832 20
0.5833 21
0.5837 7
0.5838 12
0.584 1
0.5841 19
0.5843 27
0.5846 15
0.5846 23
0.5847 16
0.5848 29
0.5854 3
0.5854 22
0.5855 26
0.5856 0
0.5856 14
0.5861 6
0.5861 9
0.5864 18
0.5864 25
0.5865 17
0.587 11
0.587 27
0.5872 7
0.5872 16
0.5873 2
0.5873 20
0.5874 12
0.5875 5
0.5875 24
0.5876 19
0.5877 1
0.5878 13
0.588 15
0.5882 23
0.5887 0
0.5887 14
0.5887 29
0.5888 3
0.5888 22
0.589 9
0.5892 10
0.5892 26
0.5897 16
0.5897 21
0.5897 27
0.5899 17
0.5901 8
0.5904 6
0.5906 7
0.5906 18
0.5909 12
0.5911 19
0.5913 20
0.5913 25
0.5914 15
0.5915 1
0.5915 2
0.5918 0
0.5918 23
0.5919 9
0.5919 14
0.592 11
0.5921 22
0.5922 3
0.5922 16
0.5924 24
0.5924 27
0.5926 29
0.5928 26
0.5929 5
0.5929 13
0.5933 17
0.594 7
0.5944 12
0.5946 6
0.5947 16
0.5947 19
0.5948 9
0.5948 15
0.5948 18
0.5949 0
0.5951 14
0.5951 27
0.5953 1
0.5954 20
0.5955 22
0.5955 23
0.5956 3
0.5958 2
0.5959 21
0.5962 25
0.5964 26
0.5965 29
0.5967 17
0.597 11
0.5971 8
0.5972 16
0.5973 10
0.5973 24
0.5974 7
0.5977 9
0.5978 27
0.598 0
0.598 12
0.598 13
0.5982 14
0.5982 15
0.5982 19
0.5984 5
0.5989 3
0.5989 6
0.5989 22
0.599 1
0.599 18
0.5991 23
0.5994 20
0.5997 16
0.5999 2
0.6 17
0.6 26
0.6004 29
0.6005 27
0.6006 9
0.6009 7
0.601 25
0.6011 0
0.6014 14
0.6015 12
0.6016 15
0.6017 19
0.6019 21
0.6021 11
0.6022 3
0.6022 16
0.6022 24
0.6023 22
0.6027 23
0.6028 1
0.6031 6
0.6032 13
0.6032 18
0.6032 27
0.6034 17
0.6034 20
0.6035 9
0.6036 26
0.604 5
0.6041 2
0.6042 0
0.6042 8
0.6044 7
0.6044 29
0.6046 14
0.6047 16
0.6049 12
0.6049 15
0.6052 10
0.6052 19
0.6055 3
0.6056 22
0.6059 25
0.6059 27
0.6063 23
0.6064 9
0.6066 1
0.6068 17
0.6071 11
0.6071 24
0.6072 16
0.6072 26
0.6073 0
0.6073 6
0.6073 20
0.6074 18
0.6078 14
0.6079 7
0.608 21
0.6082 2
0.6083 13
0.6083 15
0.6083 29
0.6084 12
0.6086 27
0.6087 19
0.6088 3
0.6089 22
0.6093 9
0.6094 5
0.6097 16
0.6098 23
0.6102 17
0.6103 1
0.6104 0
0.6108 25
0.6108 26
0.611 14
0.6113 7
0.6113 8
0.6113 20
0.6113 27
0.6115 6
0.6116 18
0.6117 15
0.6119 12
0.6119 24
0.6121 11
0.6122 3
0.6122 9
0.6122 16
0.6122 19
0.6122 29
0.6123 22
0.6124 2
0.6131 10
0.6133 13
0.6134 0
0.6134 23
0.6136 17
0.6139 1
0.614 27
0.6141 14
0.6142 21
0.6144 26
0.6147 5
0.6147 16
0.6148 7
0.615 15
0.6151 9
0.6152 20
0.6154 12
0.6155 3
0.6156 22
0.6157 6
0.6157 19
0.6157 25
0.6158 18
0.6161 29
0.6164 0
0.6165 2
0.6167 24
0.6167 27
0.6169 23
0.617 11
0.617 17
0.6172 16
0.6173 14
0.6176 1
0.618 9
0.6181 26
0.6182 7
0.6182 13
0.6183 15
0.6184 8
0.6188 3
0.6189 12
0.619 22
0.6192 19
0.6192 20
0.6194 27
0.6195 0
0.6197 16
0.6199 6
0.62 29
0.6201 5
0.6201 18
0.6204 14
0.6204 17
0.6204 21
0.6205 23
0.6206 25
0.6207 2
0.6209 9
0.621 10
0.6213 1
0.6215 24
0.6216 7
0.6216 15
0.6218 26
0.6219 11
0.6221 3
0.6221 27
0.6222 16
0.6223 12
0.6223 22
0.6226 0
0.6226 19
0.6231 13
0.6231 20
0.6236 14
0.6238 9
0.6238 17
0.6239 29
0.624 23
0.6241 6
0.6243 18
0.6247 16
0.6248 27
0.6249 2
0.6249 15
0.625 1
0.6251 7
0.6254 8
0.6255 3
0.6255 26
0.6256 5
0.6256 22
0.6256 25
0.6257 0
0.6258 12
0.626 19
0.6262 24
0.6264 21
0.6266 9
0.6267 14
0.6269 11
0.6271 20
0.6272 16
0.6272 17
0.6275 23
0.6275 27
0.6278 29
0.6281 13
0.6282 15
0.6283 6
0.6284 18
0.6285 7
0.6287 1
0.6288 0
0.6288 10
0.6289 3
0.6289 22
0.6291 2
0.6292 12
0.6292 26
0.6294 9
0.6295 19
0.6297 16
0.6298 14
0.6302 27
0.6305 17
0.6305 25
0.6309 24
0.631 5
0.631 20
0.631 23
0.6315 15
0.6317 29
0.6319 0
0.6319 11
0.632 7
0.6322 16
0.6323 3
0.6323 8
0.6323 9
0.6323 21
0.6323 22
0.6325 1
0.6325 6
0.6326 18
0.6327 12
0.6329 14
0.6329 26
0.6329 27
0.633 19
0.6331 13
0.6333 2
0.6338 17
0.6345 23
0.6347 16
0.6348 15
0.6349 20
0.635 0
0.6352 9
0.6354 7
0.6354 25
0.6356 22
0.6356 24
0.6356 27
0.6356 29
0.6357 3
0.636 14
0.6362 12
0.6363 1
0.6363 5
0.6365 10
0.6365 19
0.6366 26
0.6367 6
0.6368 11
0.6368 18
0.6372 16
0.6372 17
0.6375 2
0.6381 0
0.6381 9
0.6381 13
0.6381 15
0.6381 23
0.6383 21
0.6383 27
0.6388 7
0.6388 20
0.6389 22
0.639 3
0.6391 14
0.6392 8
0.6395 29
0.6396 12
0.6397 16
0.64 1
0.64 19
0.6403 24
0.6403 25
0.6403 26
0.6405 17
0.6409 6
0.6409 9
0.641 18
0.641 27
0.6412 0
0.6414 15
0.6416 2
0.6416 5
0.6416 11
0.6417 23
0.6422 14
0.6422 16
0.6422 22
0.6423 7
0.6424 3
0.6428 20
0.643 12
0.6431 13
0.6434 19
0.6434 29
0.6437 1
0.6437 27
0.6438 9
0.6438 17
0.644 26
0.6442 10
0.6443 0
0.6444 21
0.6447 15
0.6447 16
0.645 24
0.6451 6
0.6451 25
0.6452 18
0.6453 14
0.6453 23
0.6455 22
0.6457 2
0.6457 3
0.6458 7
0.646 8
0.6464 11
0.6464 12
0.6464 27
0.6466 9
0.6467 20
0.6468 19
0.647 5
0.6471 17
0.6472 16
0.6473 29
0.6474 0
0.6474 1
0.6476 26
0.648 15
0.6481 13
0.6484 14
0.6488 22
0.6489 23
0.649 3
0.6491 27
0.6492 7
0.6493 6
0.6493 18
0.6495 9
0.6497 16
0.6497 24
0.6498 12
0.6498 25
0.6499 2
0.6503 19
0.6504 17
0.6504 21
0.6505 0
0.6507 20
0.6511 1
0.6512 26
0.6512 29
0.6513 11
0.6514 15
0.6516 14
0.6518 10
0.6518 27
0.6521 22
0.6522 16
0.6523 3
0.6524 5
0.6524 9
0.6525 23
0.6526 7
0.6528 8
0.6532 13
0.6533 12
0.6535 0
0.6535 6
0.6535 18
0.6538 17
0.6538 19
0.654 2
0.6545 24
0.6545 27
0.6546 20
0.6546 25
0.6547 14
0.6547 15
0.6547 16
0.6548 1
0.6548 26
0.655 29
0.6553 9
0.6554 22
0.6556 3
0.656 7
0.6561 23
0.6562 11
0.6563 21
0.6565 0
0.6568 12
0.6572 16
0.6572 17
0.6572 27
0.6573 19
0.6577 5
0.6577 6
0.6578 14
0.6578 18
0.658 15
0.6582 2
0.6582 9
0.6583 13
0.6584 26
0.6585 1
0.6586 20
0.6586 22
0.6589 3
0.6589 29
0.6593 7
0.6593 24
0.6594 25
0.6595 0
0.6595 10
0.6596 8
0.6596 23
0.6597 16
0.6599 27
0.6602 12
0.6606 17
0.6608 19
0.6609 14
0.6611 9
0.6611 11
0.6613 15
0.6619 6
0.6619 22
0.662 18
0.662 26
0.6622 1
0.6622 3
0.6622 16
0.6622 21
0.6623 2
0.6625 20
0.6626 0
0.6626 27
0.6627 7
0.6628 29
0.6629 5
0.6631 23
0.6633 13
0.6636 12
0.6639 9
0.6639 17
0.664 14
0.6641 24
0.6642 19
0.6642 25
0.6646 15
0.6647 16
0.6652 22
0.6653 27
0.6655 3
0.6656 26
0.6657 0
0.6659 1
0.6659 11
0.666 6
0.6661 7
0.6661 18
0.6664 8
0.6665 2
0.6665 20
0.6667 23
0.6667 29
0.6668 9
0.667 12
0.6671 14
0.6672 16
0.6672 17
0.6673 10
0.6676 19
0.6679 15
0.668 27
0.6682 5
0.6682 21
0.6683 13
0.6685 22
0.6688 0
0.6688 3
0.6689 24
0.669 25
0.6692 26
0.6695 7
0.6696 1
0.6697 9
0.6697 16
0.6702 6
0.6702 14
0.6702 23
0.6703 18
0.6704 12
0.6705 20
0.6706 2
0.6706 17
0.6706 29
0.6707 11
0.6707 27
0.6711 19
0.6712 15
0.6718 22
0.6719 0
0.6721 3
0.6722 16
0.6726 9
0.6728 26
0.6729 7
0.6732 8
0.6733 1
0.6733 13
0.6734 14
0.6734 27
0.6736 5
0.6737 23
0.6737 24
0.6739 12
0.6739 25
0.674 17
0.6742 21
0.6744 6
0.6745 15
0.6745 18
0.6745 20
0.6745 29
0.6746 19
0.6747 16
0.6748 2
0.675 0
0.6751 10
0.6751 22
0.6754 3
0.6754 9
0.6756 11
0.6761 27
0.6763 7
0.6764 26
0.6765 14
0.6769 1
0.6772 16
0.6772 23
0.6773 17
0.6774 12
0.6778 15
0.6781 0
0.6781 19
0.6783 9
0.6784 13
0.6784 20
0.6784 22
0.6784 29
0.6785 24
0.6786 6
0.6787 3
0.6787 18
0.6788 25
0.6788 27
0.6789 2
0.6789 5
0.6796 14
0.6797 7
0.6797 16
0.68 8
0.68 26
0.6801 21
0.6805 11
0.6806 1
0.6806 17
0.6808 12
0.6808 23
0.6811 9
0.6811 15
0.6812 0
0.6815 27
0.6816 19
0.6817 22
0.682 3
0.6822 16
0.6823 29
0.6824 20
0.6827 14
0.6828 6
0.6828 10
0.6829 18
0.6831 2
0.6831 7
0.6833 24
0.6834 13
0.6836 25
0.6836 26
0.6839 17
0.684 9
0.6841 5
0.6842 27
0.6843 0
0.6843 1
0.6843 12
0.6844 15
0.6844 23
0.6847 16
0.685 19
0.685 22
0.6853 3
0.6854 11
0.6858 14
0.686 21
0.6861 29
0.6863 20
0.6865 7
0.6868 8
0.6869 6
0.6869 9
0.6869 27
0.687 18
0.6872 2
0.6872 16
0.6872 17
0.6872 26
0.6874 0
0.6877 15
0.6878 12
0.6879 23
0.688 1
0.6881 24
0.6883 22
0.6884 13
0.6884 19
0.6885 25
0.6886 3
0.6889 14
0.6893 5
0.6896 27
0.6897 9
0.6897 16
0.6899 7
0.69 29
0.6902 11
0.6902 20
0.6904 0
0.6905 17
0.6906 10
0.6909 26
0.691 6
0.691 15
0.6911 18
0.6913 12
0.6914 2
0.6915 23
0.6916 22
0.6917 1
0.6919 3
0.6919 19
0.692 14
0.692 21
0.6922 16
0.6923 27
0.6925 9
0.6928 24
0.6932 7
0.6933 13
0.6933 25
0.6934 0
0.6936 8
0.6938 17
0.6939 29
0.694 20
0.6943 15
0.6946 5
0.6946 26
0.6947 16
0.6948 12
0.6949 22
0.695 11
0.695 23
0.695 27
0.6951 14
0.6952 3
0.6952 6
0.6953 9
0.6953 18
0.6954 19
0.6955 1
0.6956 2
0.6964 0
0.6965 7
0.6971 17
0.6972 16
0.6976 15
0.6976 24
0.6977 27
0.6977 29
0.698 20
0.698 21
0.698 25
0.6982 9
0.6982 13
0.6982 14
0.6982 22
0.6983 10
0.6983 12
0.6983 26
0.6985 3
0.6986 23
0.6989 19
0.6992 1
0.6993 6
0.6994 0
0.6995 18
0.6997 16
0.6998 2
0.6998 11
0.6999 7
0.7 5
0.7003 8
0.7004 17
0.7004 27
0.7009 15
0.7011 9
0.7013 14
0.7015 22
0.7015 29
0.7017 12
0.7018 3
0.7019 20
0.702 26
0.7022 16
0.7022 23
0.7023 19
0.7023 24
0.7024 0
0.7028 25
0.7029 1
0.7031 13
0.7031 27
0.7033 7
0.7034 6
0.7036 18
0.7038 17
0.7039 21
0.704 2
0.704 9
0.7042 15
0.7044 14
0.7047 11
0.7047 16
0.7048 22
0.7051 3
0.7051 12
0.7053 5
0.7054 29
0.7055 0
0.7057 19
0.7057 23
0.7057 26
0.7058 27
0.7059 20
0.706 10
0.7066 1
0.7067 7
0.7069 9
0.707 24
0.7071 8
0.7072 16
0.7072 17
0.7075 15
0.7076 6
0.7076 14
0.7076 25
0.7077 18
0.708 2
0.708 13
0.7081 22
0.7084 3
0.7085 12
0.7085 27
0.7086 0
0.7091 19
0.7092 29
0.7093 23
0.7093 26
0.7096 11
0.7097 16
0.7097 21
0.7098 9
0.7098 20
0.7101 7
0.7103 1
0.7105 5
0.7105 17
0.7107 14
0.7108 15
0.7112 27
0.7114 22
0.7116 0
0.7117 3
0.7117 24
0.7118 6
0.7118 18
0.7119 12
0.7122 2
0.7122 16
0.7123 25
0.7126 9
0.7126 19
0.7128 23
0.7129 13
0.713 26
0.713 29
0.7135 7
0.7138 10
0.7138 20
0.7139 1
0.7139 8
0.7139 14
0.7139 17
0.7139 27
0.7142 15
0.7144 11
0.7147 0
0.7147 16
0.7147 22
0.715 3
0.7153 12
0.7154 9
0.7156 21
0.7157 5
0.7159 6
0.716 18
0.7161 19
0.7163 2
0.7163 23
0.7164 24
0.7166 26
0.7166 27
0.7169 7
0.7169 29
0.7171 14
0.7171 25
0.7172 16
0.7173 17
0.7175 1
0.7176 15
0.7177 20
0.7178 0
0.7178 13
0.718 22
0.7182 9
0.7183 3
0.7187 12
0.7192 11
0.7193 27
0.7196 19
0.7197 16
0.7198 23
0.7201 6
0.7202 14
0.7202 18
0.7202 26
0.7204 7
0.7205 2
0.7206 17
0.7208 8
0.7208 29
0.7209 0
0.7209 15
0.7211 1
0.7211 5
0.7211 9
0.7211 24
0.7213 22
0.7216 3
0.7216 10
0.7216 20
0.7216 21
0.7219 25
0.722 27
0.7221 12
0.7222 16
0.7227 13
0.723 19
0.7233 14
0.7233 23
0.7238 7
0.7238 26
0.724 0
0.724 9
0.724 11
0.724 17
0.7242 15
0.7243 6
0.7243 18
0.7246 2
0.7246 22
0.7247 16
0.7247 27
0.7247 29
0.7248 1
0.7249 3
0.7255 12
0.7255 20
0.7258 24
0.7264 5
0.7264 14
0.7264 19
0.7267 25
0.7269 9
0.7269 23
0.7271 0
0.7272 7
0.7272 16
0.7274 17
0.7274 26
0.7274 27
0.7275 15
0.7275 21
0.7276 13
0.7277 8
0.7279 22
0.7282 3
0.7284 18
0.7285 1
0.7285 6
0.7285 29
0.7288 2
0.7288 11
0.7289 12
0.7293 10
0.7295 14
0.7295 20
0.7297 9
0.7297 16
0.7298 19
0.7301 27
0.7302 0
0.7304 23
0.7305 24
0.7306 7
0.7307 17
0.7308 15
0.7309 26
0.7312 22
0.7315 3
0.7315 25
0.7316 5
0.7322 1
0.7322 16
0.7323 29
0.7324 12
0.7326 9
0.7326 13
0.7326 14
0.7326 18
0.7327 6
0.7328 27
0.7329 2
0.7332 0
0.7333 19
0.7333 21
0.7335 20
0.7337 11
0.7339 23
0.734 7
0.734 17
0.7341 15
0.7345 8
0.7345 22
0.7345 26
0.7347 16
0.7348 3
0.7352 24
0.7354 9
0.7355 27
0.7357 14
0.7359 1
0.7359 12
0.7361 29
0.7363 0
0.7364 25
0.7368 5
0.7368 6
0.7368 18
0.7368 19
0.7371 2
0.7371 10
0.7372 16
0.7374 7
0.7374 17
0.7374 23
0.7375 15
0.7375 20
0.7376 13
0.7378 22
0.7381 3
0.7381 26
0.7382 9
0.7382 27
0.7386 11
0.7388 14
0.7392 21
0.7393 0
0.7393 12
0.7396 1
0.7397 16
0.7398 24
0.7399 29
0.7403 19
0.7407 17
0.7408 7
0.7408 15
0.7409 18
0.7409 23
0.7409 27
0.741 6
0.7411 9
0.7411 22
0.7412 2
0.7412 25
0.7413 8
0.7414 3
0.7414 20
0.7417 26
0.7419 14
0.7421 5
0.7422 16
0.7423 0
0.7426 13
0.7427 12
0.7433 1
0.7434 11
0.7436 27
0.7437 19
0.7437 29
0.744 9
0.744 17
0.7441 15
0.7442 7
0.7444 22
0.7445 23
0.7445 24
0.7447 16
0.7448 3
0.7449 10
0.745 14
0.7451 18
0.7452 6
0.7452 21
0.7453 2
0.7453 26
0.7454 0
0.7454 20
0.746 25
0.7461 12
0.7463 27
0.7469 9
0.747 1
0.7471 19
0.7472 16
0.7474 5
0.7474 17
0.7475 15
0.7476 7
0.7476 13
0.7476 29
0.7477 22
0.748 23
0.7481 3
0.7481 8
0.7482 11
0.7482 14
0.7484 0
0.7489 26
0.749 27
0.7492 18
0.7492 24
0.7493 6
0.7493 20
0.7494 2
0.7495 12
0.7497 16
0.7498 9
0.7505 19
0.7507 1
0.7507 17
0.7508 15
0.7508 25
0.751 7
0.751 22
0.7512 21
0.7513 14
0.7514 3
0.7514 29
0.7515 0
0.7516 23
0.7517 27
0.7522 16
0.7526 5
0.7526 9
0.7526 10
0.7526 13
0.7526 26
0.753 11
0.753 12
0.7532 20
0.7533 18
0.7534 6
0.7535 2
0.754 17
0.754 19
0.754 24
0.7541 15
0.7543 1
0.7543 22
0.7544 7
0.7544 14
0.7544 27
0.7546 0
0.7547 3
0.7547 16
0.7549 8
0.7552 23
0.7552 29
0.7554 9
0.7555 25
0.7562 26
0.7564 12
0.757 21
0.7571 27
0.7572 16
0.7572 20
0.7574 17
0.7575 15
0.7575 18
0.7575 19
0.7576 6
0.7576 14
0.7577 0
0.7577 2
0.7577 13
0.7577 22
0.7578 5
0.7579 7
0.7579 11
0.758 1
0.7581 3
0.7582 9
0.7587 23
0.7587 24
0.759 29
0.7597 16
0.7598 12
0.7598 27
0.7599 26
0.7602 25
0.7603 10
0.7608 0
0.7608 14
0.7608 17
0.7609 15
0.761 19
0.7611 9
0.7611 22
0.7612 20
0.7614 7
0.7615 3
0.7617 1
0.7617 18
0.7618 6
0.7618 8
0.7619 2
0.7622 16
0.7622 23
0.7625 27
0.7627 13
0.7628 11
0.7628 29
0.7629 21
0.7631 5
0.7632 12
0.7634 24
0.7635 26
0.7639 0
0.7639 9
0.7639 14
0.7641 17
0.7642 15
0.7644 22
0.7645 19
0.7647 16
0.7648 3
0.7648 7
0.765 25
0.7651 20
0.7652 27
0.7654 1
0.7657 23
0.7658 18
0.7659 6
0.7661 2
0.7666 12
0.7666 29
0.7668 9
0.767 0
0.7671 14
0.7672 16
0.7672 26
0.7675 17
0.7676 15
0.7677 11
0.7677 13
0.7677 22
0.7679 19
0.7679 27
0.768 10
0.7682 3
0.7682 7
0.7682 24
0.7685 5
0.7686 8
0.7689 21
0.769 1
0.769 20
0.7693 23
0.7696 9
0.7697 16
0.7698 25
0.77 0
0.77 12
0.77 18
0.7701 6
0.7702 2
0.7702 14
0.7704 29
0.7706 27
0.7708 26
0.7709 15
0.7709 17
0.771 22
0.7713 19
0.7715 3
0.7716 7
0.7722 16
0.7724 9
0.7725 11
0.7726 13
0.7727 1
0.7728 23
0.7729 20
0.773 24
0.7731 0
0.7733 14
0.7733 27
0.7735 12
0.7738 5
0.7742 15
0.7742 17
0.7742 18
0.7743 6
0.7743 29
0.7744 2
0.7744 22
0.7745 26
0.7746 25
0.7747 16
0.7748 19
0.7749 3
0.775 7
0.775 21
0.7753 9
0.7754 8
0.7757 10
0.776 27
0.7761 0
0.7763 1
0.7763 23
0.7764 14
0.7768 20
0.777 12
0.7772 16
0.7773 11
0.7775 13
0.7776 15
0.7776 17
0.7777 22
0.7778 24
0.7781 9
0.7781 26
0.7782 3
0.7782 29
0.7783 19
0.7784 7
0.7784 18
0.7785 2
0.7785 6
0.7787 27
0.779 5
0.7792 0
0.7794 25
0.7795 14
0.7797 16
0.7798 23
0.7799 1
0.7804 12
0.7807 20
0.7809 15
0.7809 17
0.7809 21
0.781 9
0.781 22
0.7814 27
0.7816 3
0.7817 26
0.7818 7
0.7818 19
0.782 29
0.7822 0
0.7822 8
0.7822 11
0.7822 16
0.7824 13
0.7826 14
0.7826 18
0.7826 24
0.7827 2
0.7827 6
0.7833 10
0.7833 23
0.7835 1
0.7838 12
0.7839 9
0.7841 27
0.7842 15
0.7842 17
0.7842 25
0.7843 5
0.7843 22
0.7846 20
0.7847 16
0.7849 3
0.7852 0
0.7852 7
0.7852 19
0.7853 26
0.7857 14
0.7858 29
0.7867 18
0.7867 21
0.7868 2
0.7868 6
0.7868 9
0.7868 27
0.7869 23
0.7871 11
0.7872 1
0.7872 16
0.7873 12
0.7873 13
0.7874 24
0.7876 15
0.7876 17
0.7876 22
0.7882 3
0.7883 0
0.7885 20
0.7886 7
0.7886 19
0.7888 14
0.7889 26
0.789 8
0.789 25
0.7895 27
0.7896 5
0.7896 9
0.7896 29
0.7897 16
0.7904 23
0.7908 12
0.7908 18
0.7909 1
0.7909 15
0.7909 22
0.791 2
0.791 6
0.791 10
0.791 17
0.7914 0
0.7916 3
0.7919 14
0.792 7
0.792 11
0.792 19
0.7922 13
0.7922 16
0.7922 24
0.7922 27
0.7924 9
0.7924 20
0.7925 26
0.7926 21
0.7934 29
0.7938 25
0.7939 23
0.7942 15
0.7942 22
0.7943 12
0.7943 17
0.7945 0
0.7946 1
0.7947 16
0.7949 27
0.795 3
0.795 5
0.795 14
0.7951 18
0.7952 2
0.7952 6
0.7952 9
0.7954 7
0.7955 19
0.7957 8
0.7961 26
0.7963 20
0.7968 11
0.7969 24
0.7971 13
0.7972 16
0.7972 29
0.7975 15
0.7975 22
0.7975 23
0.7976 0
0.7976 27
0.7977 17
0.7978 12
0.7981 9
0.7981 14
0.7983 1
0.7984 3
0.7986 10
0.7986 25
0.7987 21
0.7988 7
0.799 19
0.7993 18
0.7994 2
0.7994 6
0.7997 16
0.7997 26
0.8002 20
0.8003 5
0.8003 27
0.8007 0
0.8008 22
0.8009 15
0.801 9
0.8011 17
0.8011 23
0.8011 29
0.8012 12
0.8013 14
0.8016 11
0.8017 3
0.8017 24
0.802 1
0.802 13
0.8022 7
0.8022 16
0.8025 8
0.8025 19
0.803 27
0.8033 25
0.8033 26
0.8034 18
0.8035 2
0.8035 6
0.8038 0
0.8039 9
0.8041 22
0.8042 15
0.8042 20
0.8044 14
0.8044 17
0.8046 12
0.8046 21
0.8047 16
0.8047 23
0.805 3
0.805 29
0.8055 5
0.8056 7
0.8057 1
0.8057 27
0.8059 19
0.8062 10
0.8064 11
0.8064 24
0.8067 9
0.8069 0
0.8069 26
0.807 13
0.8072 16
0.8074 22
0.8075 14
0.8075 15
0.8075 18
0.8076 2
0.8077 6
0.8078 17
0.808 12
0.808 25
0.8081 20
0.8082 23
0.8083 3
0.8084 27
0.8089 7
0.8089 29
0.8092 8
0.8093 19
0.8094 1
0.8096 9
0.8097 16
0.81 0
0.8103 21
0.8105 26
0.8106 14
0.8107 22
0.8108 5
0.8109 15
0.8111 27
0.8112 17
0.8112 24
0.8113 11
0.8115 12
0.8116 3
0.8117 2
0.8117 18
0.8117 23
0.8119 6
0.812 13
0.8121 20
0.8122 7
0.8122 16
0.8124 9
0.8127 19
0.8127 29
0.8128 25
0.813 0
0.813 1
0.8137 14
0.8138 10
0.8138 27
0.814 22
0.8141 26
0.8142 15
0.8145 17
0.8147 16
0.8149 3
0.8149 12
0.8153 9
0.8153 23
0.8156 7
0.8158 2
0.8159 8
0.8159 18
0.8159 24
0.816 6
0.816 20
0.8161 0
0.8161 5
0.8161 21
0.8162 11
0.8162 19
0.8165 27
0.8165 29
0.8167 1
0.8168 14
0.817 13
0.8172 16
0.8172 22
0.8175 15
0.8176 25
0.8177 26
0.8178 17
0.8181 9
0.8182 3
0.8183 12
0.8188 23
0.819 7
0.8191 0
0.8192 27
0.8197 16
0.8197 19
0.8199 14
0.82 2
0.82 20
0.8201 6
0.8201 18
0.8204 1
0.8204 29
0.8205 22
0.8206 24
0.8208 15
0.821 9
0.8211 11
0.8212 17
0.8213 26
0.8214 5
0.8215 3
0.8215 10
0.8217 12
0.8219 27
0.822 13
0.8221 0
0.8221 21
0.8222 16
0.8224 7
0.8224 23
0.8224 25
0.8226 8
0.823 14
0.8232 19
0.8238 9
0.8238 22
0.8239 20
0.8241 1
0.8241 2
0.8241 15
0.8242 18
0.8242 29
0.8243 6
0.8246 17
0.8246 27
0.8247 16
0.8248 3
0.8249 26
0.8251 0
0.8251 12
0.8253 24
0.8258 7
0.8259 11
0.8259 23
0.8261 14
0.8266 5
0.8266 19
0.8267 9
0.8269 13
0.8271 22
0.8272 16
0.8272 25
0.8273 27
0.8274 15
0.8277 1
0.8278 20
0.8279 17
0.8281 3
0.8281 21
0.8281 29
0.8282 0
0.8283 2
0.8283 18
0.8285 6
0.8285 12
0.8286 26
0.8291 10
0.8292 7
0.8292 14
0.8294 8
0.8294 23
0.8295 9
0.8297 16
0.8299 24
0.83 19
0.83 27
0.8304 22
0.8307 11
0.8307 15
0.8313 0
0.8313 1
0.8313 17
0.8314 3
0.8317 20
0.8318 5
0.8319 13
0.832 12
0.832 25
0.832 29
0.8322 16
0.8322 26
0.8323 9
0.8323 14
0.8324 2
0.8325 18
0.8326 7
0.8327 6
0.8327 27
0.8329 23
0.8334 19
0.8337 22
0.8339 21
0.834 15
0.8344 0
0.8346 24
0.8347 3
0.8347 16
0.8347 17
0.835 1
0.8352 9
0.8354 12
0.8354 27
0.8355 11
0.8355 14
0.8357 20
0.8358 26
0.8359 29
0.836 7
0.8362 8
0.8364 23
0.8366 2
0.8367 10
0.8367 18
0.8368 6
0.8368 25
0.8369 13
0.8369 19
0.837 22
0.8371 5
0.8372 16
0.8373 15
0.8375 0
0.838 3
0.838 9
0.838 17
0.8381 27
0.8386 1
0.8386 14
0.8388 12
0.8393 24
0.8394 7
0.8394 26
0.8396 20
0.8397 16
0.8397 21
0.8397 29
0.8399 23
0.8403 11
0.8403 22
0.8404 19
0.8406 0
0.8406 15
0.8407 2
0.8408 9
0.8408 18
0.8408 27
0.841 6
0.8413 3
0.8414 17
0.8416 25
0.8417 14
0.8419 13
0.8422 1
0.8422 16
0.8423 12
0.8424 5
0.8428 7
0.843 8
0.843 26
0.8434 23
0.8435 20
0.8435 27
0.8435 29
0.8436 9
0.8436 22
0.8437 0
0.8439 15
0.8439 19
0.844 24
0.8444 10
0.8447 3
0.8447 16
0.8448 14
0.8448 17
0.8449 2
0.8449 18
0.8452 6
0.8452 11
0.8456 21
0.8457 12
0.8459 1
0.8462 7
0.8462 27
0.8464 9
0.8464 25
0.8466 26
0.8468 0
0.8468 22
0.8469 13
0.8469 23
0.8472 15
0.8472 16
0.8474 19
0.8474 20
0.8474 29
0.8476 5
0.8479 14
0.848 3
0.8482 17
0.8487 24
0.8489 27
0.849 2
0.849 18
0.8491 12
0.8493 6
0.8493 9
0.8496 1
0.8496 7
0.8497 16
0.8498 8
0.8499 0
0.85 11
0.8501 22
0.8502 26
0.8504 23
0.8505 15
0.8508 19
0.851 14
0.8512 25
0.8513 3
0.8513 29
0.8514 20
0.8516 17
0.8516 21
0.8516 27
0.8518 13
0.8521 9
0.8522 10
0.8522 16
0.8526 12
0.8528 5
0.8529 0
0.853 7
0.8531 2
0.8532 18
0.8533 1
0.8534 6
0.8534 22
0.8534 24
0.8538 15
0.8538 26
0.8539 23
0.8541 14
0.8542 19
0.8543 27
0.8546 3
0.8547 16
0.8548 11
0.8549 9
0.855 17
0.8552 20
0.8552 29
0.8559 0
0.8559 25
0.856 12
0.8564 7
0.8566 8
0.8567 13
0.8567 22
0.8569 1
0.857 27
0.8571 15
0.8572 14
0.8572 16
0.8573 2
0.8574 18
0.8574 26
0.8575 21
0.8575 23
0.8576 6
0.8577 9
0.8577 19
0.8579 3
0.858 5
0.8581 24
0.8583 17
0.8589 0
0.8591 20
0.8591 29
0.8594 12
0.8596 11
0.8597 16
0.8597 27
0.8598 7
0.8599 10
0.8599 22
0.8603 14
0.8604 15
0.8605 9
0.8606 1
0.8606 25
0.861 23
0.861 26
0.8612 3
0.8612 19
0.8614 2
0.8615 18
0.8616 13
0.8617 17
0.8618 6
0.862 0
0.8622 16
0.8624 27
0.8628 12
0.8628 24
0.8629 20
0.863 29
0.8632 22
0.8633 7
0.8633 21
0.8634 5
0.8634 9
0.8635 8
0.8635 14
0.8637 15
0.8643 1
0.8644 11
0.8645 3
0.8645 23
0.8646 26
0.8647 16
0.8647 19
0.865 0
0.865 17
0.8651 27
0.8654 25
0.8656 2
0.8656 18
0.8659 6
0.8662 12
0.8663 9
0.8664 22
0.8665 13
0.8666 14
0.8667 7
0.8669 20
0.8669 29
0.867 15
0.8672 16
0.8675 10
0.8675 24
0.8678 3
0.8678 27
0.8679 1
0.8681 0
0.8681 19
0.8681 23
0.8682 26
0.8683 17
0.8686 5
0.8692 9
0.8692 21
0.8693 11
0.8696 2
0.8696 12
0.8697 16
0.8697 22
0.8698 14
0.8698 18
0.87 6
0.8701 7
0.8701 25
0.8703 15
0.8704 8
0.8705 27
0.8707 29
0.8708 20
0.8711 3
0.8712 0
0.8714 13
0.8715 1
0.8715 19
0.8716 17
0.8716 23
0.8718 26
0.872 9
0.8722 16
0.8722 24
0.8729 14
0.8729 22
0.873 12
0.8732 27
0.8736 7
0.8736 15
0.8737 2
0.8737 5
0.874 18
0.8741 11
0.8742 6
0.8743 0
0.8744 3
0.8746 29
0.8747 16
0.8748 9
0.8748 20
0.8749 17
0.8749 19
0.8749 25
0.8752 1
0.8752 10
0.8752 23
0.8753 21
0.8755 26
0.8759 27
0.876 14
0.8761 22
0.8762 13
0.8764 12
0.8769 15
0.8769 24
0.877 7
0.8772 16
0.8773 8
0.8774 0
0.8776 9
0.8777 3
0.8778 2
0.8782 18
0.8783 17
0.8784 6
0.8784 19
0.8785 29
0.8786 27
0.8787 20
0.8787 23
0.8789 1
0.8789 5
0.8789 11
0.8791 14
0.8791 26
0.8793 22
0.8797 16
0.8797 25
0.8798 12
0.8802 15
0.8803 7
0.8804 0
0.8804 9
0.881 3
0.881 13
0.8812 21
0.8813 27
0.8816 24
0.8817 17
0.8819 19
0.882 2
0.8822 14
0.8822 16
0.8822 23
0.8823 29
0.8824 18
0.8826 1
0.8826 6
0.8826 22
0.8827 20
0.8828 26
0.8829 10
0.8832 12
0.8833 9
0.8835 0
0.8835 15
0.8836 7
0.8837 11
0.884 27
0.8841 8
0.8842 5
0.8843 3
0.8845 25
0.8847 16
0.885 17
0.8853 14
0.8854 19
0.8857 23
0.8859 13
0.8859 22
0.8861 2
0.8861 29
0.8862 9
0.8863 1
0.8863 24
0.8864 26
0.8865 18
0.8866 0
0.8866 20
0.8867 6
0.8867 12
0.8867 27
0.8868 15
0.887 7
0.887 21
0.8872 16
0.8876 3
0.8883 17
0.8884 14
0.8885 11
0.8888 19
0.8891 9
0.8891 22
0.8892 23
0.8893 25
0.8894 5
0.8894 27
0.8897 0
0.8897 16
0.8899 1
0.89 29
0.8901 15
0.8901 26
0.8902 12
0.8903 2
0.8904 7
0.8906 10
0.8906 18
0.8906 20
0.8908 8
0.8909 3
0.8909 6
0.8909 13
0.891 24
0.8915 14
0.8916 17
0.8919 9
0.8921 27
0.8922 16
0.8922 19
0.8924 22
0.8927 0
0.8928 21
0.8928 23
0.8934 11
0.8934 15
0.8936 1
0.8937 12
0.8937 26
0.8938 7
0.8939 29
0.8941 25
0.8942 3
0.8944 2
0.8945 20
0.8946 5
0.8946 14
0.8947 9
0.8947 16
0.8948 18
0.8948 27
0.895 17
0.8951 6
0.8956 19
0.8957 0
0.8957 22
0.8958 24
0.8959 13
0.8963 23
0.8967 15
0.8971 12
0.8972 1
0.8972 7
0.8972 16
0.8974 26
0.8975 8
0.8975 27
0.8976 3
0.8976 9
0.8977 14
0.8978 29
0.8983 11
0.8984 17
0.8985 10
0.8985 20
0.8986 2
0.8987 0
0.8988 21
0.8989 25
0.899 18
0.899 22
0.8991 19
0.8992 6
0.8997 16
0.8998 5
0.8998 23
0.9 15
0.9001 27
0.9005 7
0.9005 9
0.9005 12
0.9006 24
0.9008 1
0.9008 13
0.9008 14
0.9009 3
0.901 26
0.9016 29
0.9017 0
0.9017 17
0.9022 16
0.9023 22
0.9024 20
0.9026 19
0.9027 2
0.9028 27
0.9031 11
0.9031 18
0.9033 6
0.9033 15
0.9033 23
0.9034 9
0.9036 25
0.9039 7
0.9039 12
0.9039 14
0.9042 3
0.9042 8
0.9044 1
0.9046 26
0.9047 16
0.9047 21
0.9048 0
0.905 17
0.9051 5
0.9054 24
0.9055 27
0.9055 29
0.9056 22
0.9057 13
0.9061 19
0.9062 9
0.9063 10
0.9064 20
0.9066 15
0.9068 2
0.9068 23
0.907 14
0.9072 16
0.9072 18
0.9073 7
0.9073 12
0.9075 3
0.9075 6
0.9078 0
0.9079 11
0.9081 1
0.9082 26
0.9082 27
0.9083 17
0.9083 25
0.9089 22
0.909 9
0.9093 29
0.9096 19
0.9097 16
0.9099 15
0.9101 14
0.9101 24
0.9104 5
0.9104 20
0.9104 23
0.9105 21
0.9106 13
0.9107 7
0.9108 3
0.9108 12
0.9109 0
0.9109 2
0.9109 8
0.9109 27
0.9113 18
0.9116 17
0.9117 6
0.9118 1
0.9118 9
0.9118 26
0.9122 16
0.9122 22
0.9126 11
0.913 19
0.913 25
0.9131 29
0.9132 14
0.9132 15
0.9136 27
0.914 0
0.914 10
0.914 23
0.9141 7
0.9142 3
0.9142 12
0.9144 20
0.9147 9
0.9147 16
0.9148 24
0.9149 17
0.915 2
0.9154 26
0.9155 1
0.9155 18
0.9155 22
0.9156 5
0.9156 13
0.9158 6
0.9163 14
0.9163 27
0.9164 19
0.9164 21
0.9165 15
0.9169 29
0.9171 0
0.9172 16
0.9174 7
0.9175 3
0.9175 11
0.9175 12
0.9176 8
0.9176 9
0.9176 23
0.9177 25
0.9182 17
0.9183 20
0.9188 22
0.919 26
0.919 27
0.9191 1
0.9192 2
0.9194 14
0.9195 24
0.9197 16
0.9197 18
0.9198 15
0.9199 6
0.9199 19
0.9202 0
0.9204 9
0.9206 13
0.9207 5
0.9208 3
0.9208 7
0.9208 29
0.9209 12
0.9212 23
0.9215 17
0.9217 27
0.9218 10
0.9221 22
0.9222 16
0.9222 20
0.9224 11
0.9224 21
0.9224 25
0.9225 14
0.9226 26
0.9228 1
0.9231 15
0.9232 0
0.9232 9
0.9233 2
0.9234 19
0.9238 18
0.924 6
0.9241 3
0.9241 7
0.9242 24
0.9243 8
0.9243 12
0.9244 27
0.9246 29
0.9247 16
0.9247 23
0.9248 17
0.9253 22
0.9255 13
0.9256 14
0.9259 5
0.926 9
0.9261 20
0.9262 26
0.9263 0
0.9264 15
0.9265 1
0.9269 19
0.9271 27
0.9272 16
0.9272 25
0.9273 11
0.9274 3
0.9275 2
0.9275 7
0.9277 12
0.9279 18
0.9281 17
0.9282 6
0.9282 23
0.9283 21
0.9284 29
0.9286 22
0.9287 14
0.9288 9
0.9289 24
0.9294 0
0.9294 10
0.9297 15
0.9297 16
0.9298 27
0.9299 26
0.93 20
0.9301 1
0.9303 19
0.9304 13
0.9307 3
0.9309 7
0.931 8
0.9311 12
0.9312 5
0.9315 2
0.9315 17
0.9316 9
0.9317 23
0.9318 14
0.9319 22
0.932 25
0.9321 11
0.9321 18
0.9322 16
0.9322 29
0.9323 6
0.9324 0
0.9325 27
0.933 15
0.9335 26
0.9336 24
0.9337 1
0.9337 19
0.9339 20
0.934 3
0.9341 21
0.9343 7
0.9345 9
0.9345 12
0.9347 16
0.9349 14
0.9349 17
0.9351 22
0.9352 23
0.9352 27
0.9353 13
0.9354 0
0.9356 2
0.936 29
0.9363 15
0.9363 18
0.9364 5
0.9364 6
0.9368 11
0.9368 25
0.937 10
0.9371 19
0.9372 16
0.9372 26
0.9373 3
0.9374 1
0.9374 9
0.9377 7
0.9377 8
0.9378 12
0.9378 20
0.9379 27
0.938 14
0.9382 17
0.9383 24
0.9384 0
0.9384 22
0.9387 23
0.9396 2
0.9396 15
0.9397 16
0.9398 29
0.9399 21
0.9402 9
0.9402 13
0.9404 18
0.9405 6
0.9406 3
0.9406 19
0.9406 27
0.9408 26
0.9411 1
0.9411 7
0.9411 14
0.9412 12
0.9415 0
0.9415 17
0.9416 5
0.9416 11
0.9416 22
0.9417 20
0.9417 25
0.9421 16
0.9422 23
0.9428 15
0.9429 24
0.943 9
0.9433 27
0.9435 29
0.9438 2
0.944 3
0.9441 19
0.9442 14
0.9444 8
0.9445 7
0.9445 18
0.9445 26
0.9446 0
0.9446 10
0.9446 16
0.9447 6
0.9447 12
0.9448 1
0.9449 17
0.9449 22
0.9451 13
0.9455 20
0.9457 23
0.9458 9
0.9458 21
0.946 27
0.9461 15
0.9464 11
0.9465 25
0.9467 5
0.9471 16
0.9473 3
0.9473 14
0.9473 29
0.9475 24
0.9476 0
0.9476 19
0.9479 2
0.9479 7
0.9481 12
0.9481 26
0.9482 17
0.9482 22
0.9485 1
0.9486 9
0.9486 18
0.9487 27
0.9488 6
0.9492 23
0.9493 20
0.9494 15
0.9496 16
0.9499 13
0.9504 14
0.9506 0
0.9506 3
0.951 19
0.9511 8
0.9511 29
0.9513 11
0.9513 25
0.9514 7
0.9514 27
0.9515 9
0.9515 12
0.9515 17
0.9515 22
0.9518 21
0.9518 26
0.952 5
0.9521 2
0.9521 16
0.9521 24
0.9522 1
0.9522 10
0.9527 15
0.9527 18
0.9527 23
0.9529 6
0.9532 20
0.9535 14
0.9537 0
0.9539 3
0.9541 27
0.9544 9
0.9544 19
0.9546 16
0.9547 13
0.9548 7
0.9548 17
0.9548 22
0.9549 12
0.9549 29
0.9554 26
0.9559 1
0.956 15
0.9561 11
0.9561 25
0.9562 2
0.9562 23
0.9566 14
0.9567 24
0.9568 0
0.9568 27
0.9569 18
0.9571 6
0.9571 16
0.9571 20
0.9572 3
0.9573 5
0.9573 9
0.9577 21
0.9578 8
0.9578 19
0.9581 17
0.9581 22
0.9582 7
0.9583 12
0.9587 29
0.959 26
0.9593 15
0.9595 1
0.9595 13
0.9595 27
0.9596 16
0.9597 10
0.9597 14
0.9597 23
0.9599 0
0.9601 9
0.9603 2
0.9605 3
0.9608 25
0.9609 11
0.961 18
0.961 20
0.9612 19
0.9613 6
0.9614 17
0.9614 22
0.9614 24
0.9616 7
0.9617 12
0.9621 16
0.9622 27
0.9625 5
0.9625 29
0.9626 15
0.9626 26
0.9628 14
0.963 0
0.963 9
0.9631 1
0.9633 23
0.9634 21
0.9638 3
0.9644 2
0.9644 13
0.9645 8
0.9646 16
0.9647 19
0.9647 22
0.9648 17
0.9649 20
0.9649 27
0.965 7
0.9651 12
0.9651 18
0.9654 6
0.9655 25
0.9656 11
0.9658 9
0.9659 14
0.9659 15
0.966 0
0.9661 24
0.9662 26
0.9663 29
0.9667 1
0.9668 23
0.9671 3
0.9671 16
0.9672 10
0.9676 5
0.9676 27
0.968 22
0.9681 17
0.9682 19
0.9684 7
0.9685 2
0.9685 12
0.9687 9
0.9688 20
0.969 14
0.9691 0
0.9692 15
0.9692 18
0.9692 21
0.9693 13
0.9695 6
0.9696 16
0.9698 26
0.97 29
0.9702 25
0.9703 3
0.9703 23
0.9703 27
0.9704 1
0.9704 11
0.9707 24
0.9712 8
0.9713 22
0.9714 17
0.9716 9
0.9716 19
0.9718 7
0.9719 12
0.9721 14
0.9721 16
0.9722 0
0.9725 15
0.9726 2
0.9728 5
0.9728 20
0.973 27
0.9734 18
0.9734 26
0.9736 3
0.9736 6
0.9738 23
0.9738 29
0.9741 1
0.9742 13
0.9745 9
0.9746 16
0.9746 22
0.9747 17
0.9748 10
0.9749 25
0.975 19
0.9752 0
0.9752 7
0.9752 14
0.9752 21
0.9753 11
0.9753 12
0.9754 24
0.9757 27
0.9758 15
0.9766 2
0.9767 20
0.9769 3
0.9769 26
0.9771 16
0.9773 23
0.9774 9
0.9776 18
0.9777 6
0.9777 29
0.9778 1
0.9779 8
0.9779 22
0.978 17
0.9781 5
0.9782 0
0.9784 14
0.9784 19
0.9784 27
0.9786 7
0.9787 12
0.9791 13
0.9791 15
0.9796 16
0.9796 25
0.9801 11
0.9801 24
0.9802 3
0.9802 9
0.9805 26
0.9806 20
0.9807 2
0.9809 23
0.9811 21
0.9811 27
0.9812 0
0.9812 22
0.9813 17
0.9815 1
0.9815 14
0.9816 29
0.9818 18
0.9819 6
0.9819 19
0.982 7
0.9821 16
0.9822 12
0.9823 10
0.9824 15
0.983 9
0.9834 3
0.9834 5
0.9838 27
0.984 13
0.984 26
0.9842 0
0.9844 23
0.9844 25
0.9845 20
0.9845 22
0.9846 8
0.9846 16
0.9847 2
0.9847 14
0.9847 17
0.9848 11
0.9848 24
0.9852 1
0.9854 7
0.9854 19
0.9854 29
0.9856 12
0.9856 15
0.9858 9
0.9859 18
0.986 6
0.9865 27
0.9867 3
0.9869 21
0.9871 16
0.9873 0
0.9876 26
0.9878 14
0.9878 22
0.9879 23
0.988 17
0.9885 20
0.9886 5
0.9887 9
0.9888 7
0.9889 1
0.9889 2
0.9889 13
0.9889 15
0.9889 19
0.9891 12
0.9892 25
0.9892 27
0.9892 29
0.9895 11
0.9895 24
0.9896 16
0.9898 10
0.99 3
0.99 18
0.9901 6
0.9903 0
0.9909 14
0.9911 22
0.9912 26
0.9913 8
0.9913 17
0.9914 23
0.9916 9
0.9919 27
0.9921 16
0.9922 7
0.9922 15
0.9924 19
0.9924 20
0.9926 1
0.9926 12
0.9927 21
0.993 2
0.993 29
0.9933 3
0.9934 0
0.9938 5
0.9939 13
0.994 14
0.994 25
0.9942 18
0.9942 24
0.9943 6
0.9943 11
0.9944 9
0.9944 22
0.9946 16
0.9946 17
0.9946 27
0.9948 26
0.9949 23
0.9954 15
0.9955 7
0.9958 19
0.996 12
0.9962 1
0.9964 20
0.9965 0
0.9966 3
0.9968 29
0.9971 2
0.9971 14
0.9971 16
0.9972 9
0.9973 27
0.9974 10
0.9977 22
0.9979 17
0.998 8
0.9984 6
0.9984 18
0.9984 23
0.9984 26
0.9987 15
0.9987 21
0.9988 25
0.9989 7
0.9989 13
0.999 24
0.9991 5
0.9991 11
0.9992 19
0.9994 12
0.9996 0
0.9996 16
0.9999 1
0.9999 3
