0.2163 0
0.2163 1
0.2163 2
0.2163 3
0.2163 4
0.2163 5
0.2163 6
0.2163 7
0.2163 8
0.2163 9
0.2217 9
0.2221 0
0.2221 1
0.2221 3
0.2222 7
0.2227 2
0.2232 6
0.2234 5
0.2234 8
0.2243 4
0.2262 9
0.227 0
0.227 1
0.227 3
0.2272 7
0.2283 2
0.2294 6
0.23 5
0.23 8
0.2305 9
0.2314 0
0.2314 1
0.2314 3
0.2318 7
0.2323 4
0.2336 2
0.2345 9
0.2347 16
0.2352 6
0.2355 1
0.2355 3
0.2356 0
0.2362 8
0.2363 5
0.2363 7
0.2384 9
0.2388 2
0.2395 0
0.2395 1
0.2395 3
0.2397 16
0.2403 4
0.2405 7
0.2407 6
0.2412 13
0.2421 9
0.2423 5
0.2424 8
0.2431 0
0.2433 1
0.2433 3
0.2437 2
0.2439 16
0.244 23
0.2445 7
0.2458 9
0.2459 6
0.246 20
0.2466 0
0.2469 1
0.247 3
0.2474 13
0.2477 16
0.2478 27
0.2482 5
0.2483 4
0.2486 8
0.2487 2
0.2487 7
0.2489 26
0.2494 9
0.25 0
0.2504 1
0.2506 3
0.2506 23
0.2508 22
0.251 6
0.2513 16
0.2522 20
0.2526 7
0.2527 12
0.2528 13
0.253 9
0.2533 0
0.2536 2
0.2536 5
0.2538 1
0.2539 27
0.2542 3
0.2547 8
0.2547 16
0.2547 26
0.2559 23
0.256 6
0.2563 4
0.2563 7
0.2565 9
0.2566 0
0.2572 1
0.2574 22
0.2575 13
0.2577 3
0.2577 20
0.258 16
0.2583 2
0.2587 5
0.2589 27
0.2595 12
0.2596 26
0.2598 0
0.2599 7
0.26 9
0.2605 1
0.2606 8
0.2606 23
0.2609 6
0.2612 3
0.2612 16
0.2617 13
0.2622 17
0.2628 20
0.2629 0
0.263 2
0.2631 22
0.2635 9
0.2636 5
0.2636 7
0.2636 27
0.2638 1
0.2641 26
0.2643 4
0.2644 16
0.2646 3
0.265 23
0.2654 12
0.2655 6
0.2658 13
0.2659 29
0.266 0
0.2666 8
0.2666 15
0.2669 9
0.267 25
0.2671 1
0.2672 7
0.2675 2
0.2675 16
0.2676 20
0.2679 27
0.268 3
0.2683 22
0.2683 26
0.2684 5
0.2691 0
0.2692 17
0.2693 23
0.2698 13
0.27 6
0.2703 1
0.2703 9
0.2706 16
0.2707 7
0.2708 12
0.2713 3
0.2713 14
0.2718 19
0.272 27
0.2721 0
0.2721 2
0.2722 20
0.2723 4
0.2723 8
0.2723 26
0.2725 15
0.2726 18
0.273 22
0.2731 5
0.2734 1
0.2734 23
0.2735 9
0.2735 29
0.2736 13
0.2737 16
0.274 7
0.2742 6
0.2745 3
0.2749 17
0.2751 0
0.2756 12
0.2757 27
0.2761 11
0.2761 26
0.2763 20
0.2764 2
0.2765 1
0.2767 9
0.2767 16
0.2772 14
0.2772 15
0.2773 13
0.2774 7
0.2774 23
0.2775 8
0.2775 22
0.2776 3
0.2776 5
0.2781 0
0.2781 25
0.2782 6
0.2793 27
0.2796 1
0.2796 29
0.2797 16
0.2798 26
0.2799 9
0.2801 17
0.2802 12
0.2803 4
0.2803 20
0.2805 18
0.2805 19
0.2807 2
0.2807 3
0.2807 7
0.2809 13
0.2811 0
0.2813 15
0.2813 23
0.2817 22
0.2819 5
0.2819 14
0.282 6
0.2824 8
0.2826 1
0.2826 16
0.2827 27
0.283 9
0.2833 11
0.2833 26
0.2837 3
0.2838 7
0.2839 20
0.284 0
0.2844 12
0.2844 13
0.2848 2
0.2848 17
0.285 15
0.285 23
0.285 29
0.2854 16
0.2856 1
0.2857 6
0.2858 22
0.286 5
0.286 9
0.286 14
0.2861 27
0.2867 3
0.2867 18
0.2867 26
0.2869 0
0.2869 7
0.2872 8
0.2872 25
0.2873 19
0.2875 20
0.2878 13
0.2882 16
0.2883 4
0.2885 1
0.2886 12
0.2886 15
0.2886 23
0.2888 2
0.289 9
0.2891 17
0.2893 11
0.2894 6
0.2894 27
0.2896 3
0.2897 22
0.2898 0
0.2898 14
0.2899 29
0.29 5
0.29 7
0.29 26
0.2907 21
0.2909 20
0.291 16
0.2911 13
0.2914 1
0.2917 8
0.2918 24
0.2919 9
0.292 15
0.2922 18
0.2922 23
0.2925 3
0.2926 12
0.2926 27
0.2927 0
0.2928 2
0.293 6
0.2931 7
0.2932 26
0.2933 17
0.2934 19
0.2935 14
0.2936 22
0.2938 16
0.2939 5
0.2943 1
0.2943 20
0.2943 29
0.2944 13
0.2947 11
0.2948 9
0.2952 15
0.2953 25
0.2954 3
0.2954 4
0.2956 0
0.2957 23
0.2957 27
0.2961 7
0.2962 8
0.2963 26
0.2965 6
0.2965 12
0.2965 16
0.2967 2
0.297 14
0.2972 1
0.2973 17
0.2973 18
0.2973 22
0.2976 5
0.2976 9
0.2976 20
0.2977 13
0.2982 3
0.2983 15
0.2985 0
0.2985 29
0.2986 24
0.2988 27
0.2989 19
0.2991 7
0.2991 21
0.2991 23
0.2992 16
0.2994 26
0.2996 11
0.2999 6
0.3001 1
0.3003 12
0.3005 14
0.3007 9
0.3009 13
0.3009 20
0.3009 22
0.3012 17
0.3014 15
0.3015 3
0.3019 0
0.3019 16
0.3019 27
0.302 18
0.3025 23
0.3025 26
0.3025 29
0.303 7
0.3033 25
0.3036 1
0.3036 2
0.304 14
0.3041 12
0.3042 9
0.3043 11
0.3043 13
0.3043 20
0.3044 19
0.3045 24
0.3046 15
0.3046 16
0.3046 22
0.3048 3
0.305 17
0.305 27
0.3052 6
0.3053 5
0.3054 0
0.3055 26
0.306 23
0.3067 18
0.3067 29
0.3069 7
0.3071 1
0.3074 14
0.3074 16
0.3076 13
0.3076 20
0.3076 21
0.3077 15
0.3078 9
0.3079 12
0.3081 3
0.3081 27
0.3083 22
0.3085 26
0.3087 17
0.3088 0
0.3089 11
0.3095 23
0.3098 19
0.3099 24
0.3102 6
0.3102 16
0.3106 1
0.3108 14
0.3108 15
0.3109 20
0.3109 29
0.311 7
0.311 13
0.3112 27
0.3114 9
0.3114 18
0.3115 3
0.3115 26
0.3116 12
0.3119 22
0.3122 0
0.3124 17
0.3129 16
0.313 23
0.3131 25
0.3134 11
0.3139 15
0.3141 14
0.3142 1
0.3143 20
0.3143 27
0.3144 5
0.3145 13
0.3145 26
0.3149 3
0.3149 24
0.315 6
0.3151 9
0.3152 29
0.3153 7
0.3154 12
0.3156 16
0.3156 19
0.3156 22
0.3157 0
0.316 18
0.3161 17
0.3165 23
0.3167 21
0.3169 15
0.3174 14
0.3174 27
0.3175 26
0.3177 20
0.3178 1
0.3178 11
0.3179 13
0.3183 3
0.3184 16
0.3188 9
0.3192 0
0.3192 12
0.3193 22
0.3194 29
0.3197 6
0.3198 7
0.3198 17
0.3198 24
0.3199 15
0.32 23
0.3205 18
0.3205 26
0.3205 27
0.3207 14
0.3212 16
0.3212 20
0.3213 13
0.3215 1
0.3216 19
0.3217 3
0.3222 11
0.3227 0
0.3227 9
0.3229 12
0.3229 15
0.3229 22
0.3234 17
0.3235 23
0.3235 26
0.3235 27
0.3237 29
0.3238 5
0.3239 14
0.324 16
0.3243 6
0.3245 7
0.3245 24
0.3246 20
0.3248 13
0.325 18
0.3252 1
0.3252 3
0.3259 15
0.3259 25
0.3261 21
0.3262 0
0.3266 9
0.3266 11
0.3266 22
0.3266 26
0.3266 27
0.3267 12
0.3268 16
0.327 17
0.3271 23
0.3272 14
0.3278 19
0.328 29
0.3281 20
0.3283 13
0.3287 3
0.3289 6
0.3289 15
0.329 1
0.3291 24
0.3292 7
0.3294 18
0.3296 16
0.3296 26
0.3297 0
0.3297 27
0.3303 22
0.3304 12
0.3305 9
0.3305 14
0.3306 17
0.3307 23
0.3309 11
0.3316 20
0.3318 13
0.3319 15
0.3322 3
0.3323 29
0.3324 16
0.3326 26
0.3328 27
0.3329 1
0.3333 0
0.3333 5
0.3334 6
0.3336 24
0.3337 14
0.3339 18
0.3341 19
0.3341 22
0.3342 7
0.3342 12
0.3342 17
0.3343 23
0.3346 9
0.3349 15
0.3351 20
0.3352 11
0.3352 16
0.3353 13
0.3356 21
0.3356 26
0.3357 3
0.3359 27
0.3365 29
0.3367 1
0.3368 0
0.3369 14
0.3378 17
0.3379 6
0.3379 15
0.3379 22
0.3379 23
0.338 16
0.3381 12
0.3382 24
0.3383 18
0.3386 26
0.3387 9
0.3387 20
0.3389 13
0.3391 27
0.3393 3
0.3393 7
0.3395 11
0.3401 14
0.3403 0
0.3406 19
0.3407 1
0.3407 29
0.3408 16
0.3409 15
0.3414 17
0.3415 23
0.3416 22
0.3416 26
0.3419 12
0.3422 27
0.3423 20
0.3424 6
0.3426 13
0.3427 18
0.3427 24
0.3429 3
0.3429 5
0.3429 9
0.3433 14
0.3436 16
0.3438 11
0.3439 0
0.3439 15
0.3444 7
0.3444 25
0.3446 26
0.3447 1
0.345 17
0.3451 23
0.3451 29
0.3453 21
0.3453 27
0.3454 22
0.3458 12
0.3459 20
0.3462 13
0.3464 16
0.3465 3
0.3465 14
0.3468 15
0.3469 6
0.347 9
0.3471 18
0.3471 24
0.3472 19
0.3475 0
0.3476 26
0.3481 11
0.3484 27
0.3486 17
0.3487 23
0.3488 1
0.3492 16
0.3492 22
0.3494 29
0.3495 20
0.3496 12
0.3497 7
0.3497 14
0.3498 15
0.3499 13
0.3502 3
0.3506 26
0.3511 0
0.3512 9
0.3513 6
0.3514 18
0.3515 24
0.3515 27
0.352 16
0.3522 17
0.3524 11
0.3524 23
0.3528 15
0.3529 5
0.3529 14
0.353 1
0.3531 22
0.3532 20
0.3535 12
0.3536 13
0.3536 26
0.3537 29
0.3538 3
0.3538 19
0.3546 27
0.3547 0
0.3549 16
0.355 7
0.3551 21
0.3555 9
0.3557 6
0.3558 15
0.3558 17
0.3558 18
0.3559 24
0.3561 14
0.3561 23
0.3566 26
0.3567 11
0.3568 20
0.3569 22
0.3571 1
0.3572 13
0.3574 3
0.3574 12
0.3577 16
0.3577 27
0.3579 29
0.3583 0
0.3587 15
0.3593 14
0.3594 17
0.3596 26
0.3598 9
0.3598 23
0.3601 6
0.3601 18
0.3602 24
0.3605 7
0.3605 19
0.3605 20
0.3606 16
0.3609 22
0.3609 27
0.361 3
0.361 13
0.3611 11
0.3614 1
0.3614 12
0.3617 15
0.3619 0
0.3622 29
0.3625 14
0.3626 26
0.3629 5
0.363 17
0.3635 16
0.3635 23
0.3641 27
0.3642 9
0.3642 20
0.3644 18
0.3645 6
0.3646 24
0.3647 3
0.3647 13
0.3647 15
0.3649 22
0.3652 21
0.3654 12
0.3655 0
0.3655 11
0.3656 26
0.3657 14
0.3658 1
0.3659 7
0.3663 16
0.3665 29
0.3666 17
0.3672 19
0.3672 23
0.3673 27
0.3677 15
0.3679 20
0.3684 3
0.3684 13
0.3685 9
0.3687 18
0.3687 26
0.3688 22
0.3689 6
0.3689 14
0.3689 24
0.3692 0
0.3692 16
0.3694 12
0.3698 11
0.3701 1
0.3702 17
0.3705 27
0.3706 15
0.3708 29
0.3709 23
0.3716 7
0.3716 20
0.3718 26
0.3721 3
0.3721 14
0.3721 16
0.3722 13
0.3728 22
0.3729 0
0.3729 9
0.373 18
0.3733 5
0.3733 6
0.3733 24
0.3734 12
0.3736 15
0.3737 27
0.3738 17
0.3739 19
0.3741 11
0.3745 1
0.3746 23
0.3748 26
0.375 16
0.3752 21
0.3752 29
0.3753 14
0.3753 20
0.3758 3
0.3759 13
0.3765 15
0.3766 0
0.3768 22
0.3769 27
0.3771 7
0.3773 9
0.3773 18
0.3774 12
0.3775 17
0.3777 6
0.3777 24
0.3779 16
0.3779 26
0.3783 23
0.3784 11
0.3785 14
0.3789 1
0.379 20
0.3794 15
0.3795 3
0.3795 29
0.3796 13
0.3801 27
0.3803 0
0.3808 16
0.3808 19
0.3809 22
0.381 26
0.3812 17
0.3814 12
0.3816 18
0.3817 9
0.3817 14
0.3821 6
0.3821 23
0.3821 24
0.3824 15
0.3827 11
0.3827 20
0.3829 7
0.3832 3
0.3833 1
0.3833 27
0.3834 13
0.3837 16
0.3839 0
0.3839 5
0.3839 29
0.384 26
0.3848 17
0.3848 22
0.3849 14
0.3853 12
0.3854 15
0.3855 21
0.3859 18
0.3859 23
0.3862 9
0.3864 24
0.3865 6
0.3865 20
0.3865 27
0.3867 16
0.3869 3
0.387 11
0.3871 26
0.3872 13
0.3876 0
0.3877 19
0.3879 1
0.3881 14
0.3882 29
0.3884 15
0.3884 17
0.3885 7
0.3888 22
0.3893 12
0.3896 16
0.3897 23
0.3897 27
0.3902 18
0.3902 26
0.3903 20
0.3906 3
0.3906 9
0.3907 24
0.3909 6
0.391 13
0.3913 0
0.3913 11
0.3914 14
0.3914 15
0.392 17
0.3924 1
0.3925 16
0.3926 29
0.3928 22
0.3929 27
0.3933 12
0.3933 26
0.3935 23
0.3941 20
0.3944 3
0.3944 15
0.3945 5
0.3945 7
0.3945 18
0.3946 14
0.3946 19
0.3949 13
0.395 24
0.3951 0
0.3952 9
0.3954 6
0.3954 16
0.3956 11
0.3956 17
0.3958 21
0.3961 27
0.3963 26
0.3967 22
0.3968 1
0.397 29
0.3973 12
0.3973 23
0.3974 15
0.3978 14
0.3979 20
0.3982 3
0.3984 16
0.3987 13
0.3988 18
0.3989 0
0.3992 17
0.3993 24
0.3994 26
0.3994 27
0.3997 9
0.3998 6
0.3999 11
0.4003 7
0.4004 15
0.4008 22
0.401 14
0.4011 23
0.4013 16
0.4014 12
0.4014 29
0.4015 1
0.4016 19
0.4017 20
0.4019 3
0.4025 13
0.4025 26
0.4026 0
0.4026 27
0.4028 17
0.4031 18
0.4034 15
0.4036 24
0.4042 6
0.4042 14
0.4043 9
0.4043 11
0.4043 16
0.4049 22
0.405 23
0.4053 5
0.4055 12
0.4055 20
0.4056 3
0.4056 26
0.4059 27
0.4059 29
0.4061 21
0.4062 1
0.4062 7
0.4063 0
0.4064 13
0.4064 15
0.4064 17
0.4072 16
0.4074 14
0.4074 18
0.4079 24
0.4085 19
0.4086 6
0.4087 9
0.4087 11
0.4087 26
0.4089 23
0.409 22
0.4092 27
0.4093 20
0.4094 3
0.4094 15
0.4096 12
0.41 0
0.4101 17
0.4102 16
0.4103 13
0.4103 29
0.4106 14
0.4108 1
0.4117 18
0.4118 26
0.412 7
0.4122 24
0.4124 15
0.4125 27
0.4129 23
0.413 6
0.4131 22
0.4132 3
0.4132 11
0.4132 16
0.4132 20
0.4133 9
0.4137 12
0.4138 0
0.4138 17
0.4139 14
0.4142 13
0.4147 29
0.4149 26
0.4153 15
0.4155 1
0.4156 19
0.4158 27
0.416 18
0.4162 16
0.4165 5
0.4165 24
0.4168 21
0.4169 23
0.417 3
0.417 20
0.4172 14
0.4172 22
0.4175 6
0.4175 17
0.4176 0
0.4176 11
0.4177 12
0.418 7
0.418 9
0.418 26
0.4181 13
0.4183 15
0.419 27
0.419 29
0.4191 16
0.4201 1
0.4203 18
0.4204 14
0.4208 3
0.4208 20
0.4209 23
0.4209 24
0.4211 26
0.4212 17
0.4213 15
0.4213 22
0.4214 0
0.4219 12
0.422 6
0.422 11
0.4221 13
0.4221 16
0.4223 27
0.4226 9
0.4227 19
0.4234 29
0.4236 14
0.424 7
0.4242 26
0.4243 15
0.4246 3
0.4246 18
0.4246 20
0.4248 1
0.4248 23
0.4249 17
0.4251 16
0.4252 0
0.4253 24
0.4254 22
0.4256 27
0.426 12
0.4261 13
0.4264 6
0.4264 11
0.4268 14
0.4273 9
0.4273 15
0.4273 26
0.4274 21
0.4277 5
0.4279 29
0.4281 16
0.4284 3
0.4285 20
0.4286 17
0.4288 23
0.4289 0
0.4289 18
0.429 27
0.4296 22
0.4297 1
0.4297 19
0.4297 24
0.43 7
0.43 13
0.4301 14
0.4302 12
0.4303 15
0.4304 26
0.4308 6
0.4308 11
0.431 16
0.4318 9
0.4321 3
0.4322 27
0.4323 17
0.4323 20
0.4324 29
0.4326 0
0.4328 23
0.4332 18
0.4333 15
0.4334 14
0.4335 26
0.4337 22
0.4339 13
0.434 16
0.4341 24
0.4344 1
0.4344 12
0.4352 11
0.4353 6
0.4355 27
0.436 3
0.436 17
0.4361 7
0.4362 20
0.4363 15
0.4364 0
0.4365 9
0.4366 14
0.4367 26
0.4368 23
0.4369 16
0.4369 19
0.4369 29
0.4375 18
0.4378 13
0.4378 22
0.4382 21
0.4385 12
0.4385 24
0.4387 27
0.439 1
0.4392 5
0.4393 15
0.4397 11
0.4397 17
0.4398 3
0.4399 6
0.4399 14
0.4399 16
0.4399 26
0.4401 20
0.4402 0
0.4408 23
0.441 9
0.4413 29
0.4417 13
0.4418 18
0.442 22
0.442 27
0.4421 7
0.4423 15
0.4427 12
0.4429 16
0.443 24
0.4431 26
0.4432 14
0.4434 17
0.4436 3
0.4438 1
0.444 0
0.444 19
0.444 20
0.4441 11
0.4444 6
0.4447 23
0.4453 15
0.4453 27
0.4456 9
0.4456 13
0.4458 29
0.4459 16
0.4461 22
0.4462 18
0.4462 26
0.4465 14
0.4468 12
0.4471 17
0.4474 3
0.4474 24
0.4478 0
0.4478 20
0.4483 7
0.4483 15
0.4485 11
0.4486 1
0.4486 23
0.4486 27
0.4489 6
0.4489 16
0.4491 21
0.4493 26
0.4495 13
0.4497 14
0.4502 9
0.4503 22
0.4503 29
0.4505 18
0.4508 17
0.4509 5
0.4509 12
0.4511 19
0.4512 3
0.4513 15
0.4516 0
0.4517 20
0.4518 24
0.4519 16
0.4519 27
0.4524 26
0.4525 23
0.4529 11
0.453 14
0.4533 1
0.4534 6
0.4534 13
0.4543 7
0.4543 15
0.4545 22
0.4546 17
0.4548 9
0.4548 29
0.4549 16
0.4549 18
0.455 3
0.455 12
0.4552 27
0.4554 0
0.4555 26
0.4556 20
0.4562 14
0.4562 24
0.4564 23
0.4573 11
0.4573 13
0.4573 15
0.4579 6
0.4579 16
0.4581 1
0.4584 17
0.4584 19
0.4585 27
0.4586 26
0.4588 3
0.4588 22
0.4592 0
0.4592 12
0.4593 18
0.4594 14
0.4594 29
0.4595 9
0.4595 20
0.4602 21
0.4603 15
0.4603 23
0.4605 7
0.4606 24
0.4609 16
0.4612 13
0.4617 11
0.4617 26
0.4618 27
0.4621 17
0.4625 6
0.4626 3
0.4627 14
0.4628 1
0.4629 22
0.463 0
0.463 5
0.4633 15
0.4634 12
0.4634 20
0.4637 18
0.4639 16
0.4639 29
0.464 9
0.4642 23
0.4648 26
0.465 13
0.465 24
0.4652 27
0.4656 19
0.4658 17
0.466 14
0.4662 11
0.4663 15
0.4665 3
0.4665 7
0.4669 0
0.4669 16
0.4671 6
0.4671 22
0.4673 20
0.4676 1
0.4676 12
0.4679 26
0.4681 18
0.4682 23
0.4684 27
0.4684 29
0.4686 9
0.4688 13
0.4693 14
0.4693 15
0.4695 17
0.4695 24
0.4699 16
0.4703 3
0.4707 0
0.4707 11
0.4711 26
0.4712 20
0.4713 22
0.4716 6
0.4717 21
0.4717 27
0.4719 12
0.4721 23
0.4723 15
0.4725 18
0.4726 1
0.4726 14
0.4728 13
0.4729 7
0.4729 16
0.4729 19
0.4729 29
0.4732 17
0.4733 9
0.4739 24
0.4741 3
0.4742 26
0.4745 0
0.475 20
0.475 27
0.4752 11
0.4753 15
0.4754 22
0.4755 5
0.4759 14
0.4759 16
0.476 23
0.4761 6
0.4761 12
0.4768 13
0.4769 18
0.477 17
0.4773 26
0.4774 1
0.4774 29
0.478 3
0.478 9
0.4783 0
0.4783 15
0.4783 24
0.4784 27
0.4789 16
0.479 7
0.479 20
0.4792 14
0.4797 11
0.4797 22
0.4799 23
0.4802 19
0.4804 12
0.4804 26
0.4806 6
0.4807 17
0.4808 13
0.4813 15
0.4813 18
0.4817 27
0.4818 3
0.4819 16
0.482 29
0.4821 0
0.4822 1
0.4824 14
0.4827 9
0.4827 24
0.4829 20
0.4831 21
0.4835 26
0.4838 23
0.4839 22
0.4842 11
0.4844 15
0.4845 17
0.4846 12
0.4849 13
0.4849 16
0.4851 27
0.4852 6
0.4854 7
0.4856 14
0.4857 3
0.4857 18
0.4859 0
0.4865 29
0.4867 26
0.4868 20
0.4871 24
0.4872 1
0.4873 9
0.4874 15
0.4874 19
0.4878 23
0.4879 16
0.4881 22
0.4882 17
0.4883 5
0.4885 27
0.4887 11
0.4888 12
0.4889 14
0.489 13
0.4895 3
0.4897 0
0.4898 6
0.4898 26
0.4901 18
0.4904 15
0.4907 20
0.4909 16
0.4911 29
0.4915 24
0.4916 7
0.4918 23
0.4919 17
0.4919 27
0.4921 9
0.4922 1
0.4922 14
0.4923 22
0.493 12
0.493 13
0.493 26
0.4932 11
0.4933 3
0.4934 15
0.4935 0
0.4939 16
0.4943 6
0.4945 18
0.4946 20
0.4947 21
0.4948 19
0.4952 27
0.4955 14
0.4956 17
0.4957 29
0.4958 23
0.4959 24
0.4961 26
0.4964 15
0.4965 22
0.4968 9
0.497 16
0.4971 1
0.4971 13
0.4972 3
0.4972 12
0.4974 0
0.4977 11
0.498 7
0.4985 20
0.4985 27
0.4987 14
0.4989 6
0.499 18
0.4992 26
0.4993 17
0.4994 15
0.4997 23
0.5 16
0.5002 29
0.5003 24
0.5008 22
0.501 3
0.501 5
0.5012 0
0.5012 13
0.5015 9
0.5015 12
0.5019 27
0.502 14
0.5021 19
0.5022 1
0.5022 11
0.5024 15
0.5024 26
0.5025 20
0.503 16
0.503 17
0.5034 6
0.5035 18
0.5036 23
0.5042 7
0.5047 24
0.5048 29
0.5049 3
0.505 0
0.505 22
0.5052 13
0.5053 14
0.5053 27
0.5055 15
0.5056 26
0.5057 12
0.506 16
0.5063 9
0.5063 21
0.5065 20
0.5067 11
0.5067 17
0.5071 1
0.5075 23
0.5079 6
0.5079 18
0.5085 15
0.5086 14
0.5087 27
0.5088 0
0.5088 3
0.5088 26
0.509 16
0.5091 24
0.5092 29
0.5093 13
0.5094 19
0.5094 22
0.5099 12
0.5104 17
0.5104 20
0.5106 7
0.5111 9
0.5112 11
0.5115 15
0.5115 23
0.5119 14
0.5119 26
0.512 1
0.512 16
0.512 27
0.5124 18
0.5125 6
0.5126 3
0.5127 0
0.5134 13
0.5136 22
0.5136 24
0.5138 5
0.5138 29
0.514 12
0.5141 17
0.5143 20
0.5145 15
0.515 16
0.5151 26
0.5152 14
0.5154 27
0.5155 23
0.5157 11
0.516 9
0.5165 3
0.5166 0
0.5168 7
0.5168 18
0.5168 19
0.517 6
0.5171 1
0.5174 13
0.5176 15
0.5179 17
0.5179 22
0.518 16
0.5181 24
0.5182 12
0.5182 20
0.5182 21
0.5182 26
0.5185 14
0.5185 29
0.5187 27
0.5195 23
0.5202 11
0.5204 3
0.5205 0
0.5206 15
0.5207 9
0.521 16
0.5212 18
0.5213 26
0.5215 13
0.5216 6
0.5217 17
0.5218 14
0.5221 20
0.5221 27
0.5222 1
0.5222 22
0.5225 12
0.5226 24
0.523 29
0.5232 7
0.5235 23
0.5236 15
0.524 16
0.5242 19
0.5243 3
0.5244 0
0.5245 26
0.5247 11
0.5251 14
0.5254 9
0.5254 17
0.5254 27
0.5256 13
0.5256 18
0.526 20
0.5262 6
0.5263 22
0.5266 5
0.5266 15
0.5268 12
0.527 1
0.527 16
0.5271 24
0.5275 23
0.5276 26
0.5276 29
0.5282 0
0.5282 3
0.5284 14
0.5288 27
0.5291 17
0.5292 11
0.5294 7
0.5296 13
0.5297 15
0.53 16
0.53 18
0.53 20
0.5303 9
0.5304 21
0.5306 22
0.5307 6
0.5308 26
0.5311 12
0.5315 19
0.5315 23
0.5316 24
0.5317 14
0.5319 1
0.532 0
0.532 3
0.5321 27
0.5321 29
0.5327 15
0.5328 17
0.533 16
0.5336 13
0.5337 11
0.5339 20
0.534 26
0.5344 18
0.5348 22
0.535 14
0.5351 9
0.5353 6
0.5353 12
0.5355 27
0.5356 23
0.5357 15
0.5358 7
0.5359 0
0.5359 3
0.536 16
0.5361 24
0.5365 17
0.5367 29
0.5369 1
0.5371 26
0.5376 13
0.5378 20
0.5382 11
0.5383 14
0.5387 15
0.5388 18
0.5389 27
0.539 16
0.539 19
0.5391 22
0.5395 5
0.5396 12
0.5398 3
0.5398 23
0.5399 0
0.5399 6
0.5399 9
0.5402 17
0.5402 26
0.5406 24
0.5414 29
0.5415 13
0.5416 14
0.5417 20
0.5418 15
0.5419 1
0.5421 7
0.5421 16
0.5423 21
0.5423 27
0.5427 11
0.5432 18
0.5433 26
0.5434 22
0.5436 3
0.5438 0
0.5438 12
0.5439 23
0.544 17
0.5445 6
0.5445 9
0.5448 15
0.5449 14
0.5451 16
0.5451 24
0.5455 13
0.5457 20
0.5457 27
0.5459 29
0.5464 19
0.5465 26
0.5469 1
0.5473 11
0.5475 3
0.5476 18
0.5477 0
0.5477 22
0.5478 17
0.5479 15
0.548 12
0.548 23
0.5481 16
0.5482 14
0.5486 7
0.549 27
0.5491 6
0.5493 9
0.5495 24
0.5496 13
0.5496 20
0.5497 26
0.5505 29
0.5509 15
0.5511 16
0.5514 3
0.5515 0
0.5515 14
0.5516 17
0.5518 1
0.5519 11
0.552 18
0.552 22
0.5521 23
0.5523 12
0.5524 27
0.5527 5
0.5529 26
0.5536 6
0.5536 20
0.5537 13
0.5537 19
0.5539 15
0.554 21
0.554 24
0.5542 9
0.5542 16
0.5548 14
0.5551 7
0.5551 29
0.5553 0
0.5553 3
0.5554 17
0.5558 27
0.556 26
0.5561 23
0.5562 22
0.5564 18
0.5565 11
0.5565 12
0.5566 1
0.557 15
0.5572 16
0.5576 20
0.5577 13
0.5581 14
0.5582 6
0.5585 24
0.5589 9
0.5591 17
0.5592 0
0.5592 3
0.5592 26
0.5592 27
0.5597 29
0.56 15
0.5602 16
0.5602 23
0.5606 22
0.5608 12
0.5608 18
0.5611 11
0.5611 19
0.5614 14
0.5616 20
0.5617 7
0.5618 1
0.5618 13
0.5623 26
0.5625 27
0.5628 6
0.5628 17
0.563 15
0.563 24
0.5631 3
0.5632 0
0.5632 16
0.5637 9
0.5643 23
0.5643 29
0.5647 14
0.5648 22
0.565 12
0.5652 18
0.5655 20
0.5655 26
0.5656 11
0.5659 13
0.5659 21
0.5659 27
0.566 5
0.566 15
0.5663 16
0.5665 17
0.5668 1
0.567 3
0.5671 0
0.5674 6
0.5674 24
0.568 14
0.5682 7
0.5684 9
0.5684 23
0.5685 19
0.5687 26
0.5688 29
0.5691 15
0.5691 22
0.5692 12
0.5693 16
0.5693 27
0.5695 20
0.5696 18
0.5699 13
0.5701 11
0.5703 17
0.5708 3
0.5709 0
0.5712 14
0.5716 1
0.5718 24
0.5718 26
0.572 6
0.5721 15
0.5723 16
0.5724 23
0.5727 27
0.5732 9
0.5734 12
0.5734 22
0.5735 20
0.5735 29
0.574 13
0.574 18
0.5741 17
0.5745 14
0.5747 0
0.5747 3
0.5747 7
0.5747 11
0.575 26
0.5751 15
0.5753 16
0.5758 19
0.576 27
0.5762 24
0.5764 23
0.5765 6
0.5766 1
0.5774 20
0.5776 12
0.5776 22
0.5779 14
0.5779 17
0.5781 9
0.5781 13
0.5781 21
0.5782 15
0.5782 26
0.5783 29
0.5784 16
0.5784 18
0.5786 0
0.5786 3
0.5792 11
0.5794 5
0.5794 27
0.5803 23
0.5806 24
0.5811 6
0.5812 14
0.5813 7
0.5813 15
0.5814 20
0.5814 26
0.5815 16
0.5817 17
0.5818 1
0.582 12
0.582 22
0.5822 13
0.5825 0
0.5825 3
0.5828 18
0.5828 27
0.5829 9
0.5829 29
0.5832 19
0.5837 11
0.5842 23
0.5844 15
0.5845 14
0.5845 16
0.5845 26
0.5851 24
0.5853 20
0.5855 17
0.5857 6
0.5862 27
0.5863 12
0.5863 22
0.5864 0
0.5864 3
0.5864 13
0.5868 1
0.5872 18
0.5874 15
0.5875 16
0.5875 29
0.5877 26
0.5878 14
0.5879 7
0.5879 9
0.5882 11
0.5882 23
0.5892 17
0.5892 20
0.5896 24
0.5896 27
0.5903 0
0.5903 3
0.5903 6
0.5903 21
0.5904 15
0.5906 13
0.5906 16
0.5907 12
0.5907 19
0.5907 22
0.5909 26
0.5911 14
0.5916 18
0.5918 1
0.592 29
0.5922 23
0.5927 9
0.5927 11
0.5928 5
0.5929 17
0.593 27
0.5931 20
0.5935 15
0.5936 16
0.594 26
0.5941 24
0.5942 0
0.5943 3
0.5944 14
0.5946 7
0.5948 13
0.5949 6
0.595 12
0.5951 22
0.596 18
0.5962 23
0.5963 27
0.5966 15
0.5967 16
0.5967 17
0.5967 29
0.5969 1
0.5971 20
0.5972 11
0.5973 26
0.5975 9
0.5977 14
0.5981 0
0.5981 19
0.5982 3
0.5986 24
0.599 13
0.5993 12
0.5994 6
0.5994 22
0.5997 15
0.5997 16
0.5997 27
0.6002 23
0.6004 18
0.6005 17
0.6005 26
0.601 14
0.601 20
0.6012 7
0.6014 29
0.6018 11
0.602 0
0.602 1
0.6021 3
0.6023 21
0.6025 9
0.6027 15
0.6027 16
0.6031 13
0.6031 24
0.6031 27
0.6036 12
0.6036 26
0.6037 22
0.604 6
0.6042 23
0.6043 14
0.6043 17
0.6048 18
0.605 20
0.6055 19
0.6057 15
0.6058 16
0.6059 0
0.6059 29
0.606 3
0.6063 5
0.6064 11
0.6065 27
0.6067 26
0.6072 1
0.6073 13
0.6074 9
0.6076 14
0.6077 24
0.6078 12
0.6079 7
0.608 22
0.6081 17
0.6083 23
0.6086 6
0.6087 15
0.6088 16
0.6089 20
0.6093 18
0.6098 0
0.6098 3
0.6099 26
0.6099 27
0.6105 29
0.6109 11
0.611 14
0.6113 13
0.6118 15
0.6119 16
0.6119 17
0.6122 12
0.6123 9
0.6123 24
0.6124 1
0.6124 22
0.6124 23
0.6129 20
0.613 19
0.6131 26
0.6132 6
0.6133 27
0.6137 0
0.6137 3
0.6138 18
0.6143 14
0.6144 21
0.6145 7
0.6149 15
0.6149 16
0.6151 29
0.6154 11
0.6154 13
0.6156 17
0.6163 26
0.6165 12
0.6165 23
0.6166 22
0.6167 27
0.6168 24
0.6169 20
0.617 9
0.6174 1
0.6176 14
0.6177 0
0.6177 3
0.6178 6
0.6179 15
0.618 16
0.6183 18
0.6193 17
0.6195 13
0.6195 26
0.6197 29
0.6198 5
0.6199 11
0.6202 27
0.6204 19
0.6206 23
0.6208 12
0.6209 14
0.621 15
0.621 20
0.6211 16
0.6211 22
0.6212 7
0.6213 24
0.6217 0
0.6217 3
0.6219 9
0.6224 6
0.6225 1
0.6226 26
0.6228 18
0.623 17
0.6235 13
0.6236 27
0.6241 15
0.6241 16
0.6242 14
0.6244 29
0.6245 11
0.6247 23
0.625 12
0.625 20
0.6255 22
0.6256 0
0.6256 3
0.6258 24
0.6258 26
0.6268 17
0.6269 9
0.6269 21
0.627 6
0.627 27
0.6272 15
0.6272 16
0.6273 18
0.6275 14
0.6276 13
0.6278 1
0.6278 7
0.6279 19
0.6288 23
0.6289 20
0.629 26
0.629 29
0.6291 11
0.6292 12
0.6294 3
0.6295 0
0.6298 22
0.6302 15
0.6302 16
0.6303 27
0.6304 24
0.6306 17
0.6308 14
0.6316 6
0.6316 9
0.6317 13
0.6318 18
0.6322 26
0.6328 20
0.6329 1
0.6329 23
0.6333 3
0.6333 15
0.6333 16
0.6334 0
0.6335 12
0.6336 29
0.6338 11
0.6338 27
0.634 5
0.6341 14
0.6342 22
0.6344 17
0.6346 7
0.6349 24
0.6354 19
0.6354 26
0.6357 13
0.6361 6
0.6363 18
0.6364 15
0.6364 16
0.6365 9
0.6368 20
0.637 23
0.6372 3
0.6372 27
0.6373 0
0.6374 14
0.6378 12
0.6379 1
0.6381 17
0.6383 29
0.6384 11
0.6384 22
0.6385 26
0.6394 15
0.6394 16
0.6394 21
0.6394 24
0.6398 13
0.6406 27
0.6407 6
0.6407 14
0.6408 18
0.6408 20
0.6411 7
0.6412 0
0.6412 3
0.6412 23
0.6414 9
0.6417 26
0.6419 17
0.6422 12
0.6424 16
0.6425 15
0.6428 22
0.6428 29
0.6429 19
0.643 11
0.6431 1
0.6439 13
0.6439 24
0.644 14
0.644 27
0.6447 20
0.6449 26
0.6451 3
0.6452 0
0.6453 18
0.6453 23
0.6454 6
0.6455 15
0.6455 16
0.6457 17
0.6463 9
0.6465 12
0.6471 22
0.6473 14
0.6474 29
0.6475 27
0.6476 11
0.648 5
0.648 7
0.6481 13
0.6481 26
0.6483 1
0.6484 24
0.6485 15
0.6486 16
0.6487 20
0.649 3
0.6491 0
0.6494 23
0.6495 17
0.6498 18
0.65 6
0.6504 19
0.6506 14
0.6508 12
0.6509 27
0.6512 9
0.6513 26
0.6514 22
0.6516 15
0.6517 16
0.6519 21
0.6521 13
0.6521 29
0.6522 11
0.6526 20
0.6529 3
0.6529 24
0.653 0
0.6533 1
0.6533 17
0.6534 23
0.6539 14
0.6543 18
0.6543 27
0.6545 7
0.6545 26
0.6546 6
0.6546 15
0.6547 16
0.6551 12
0.6557 22
0.656 9
0.6562 13
0.6566 20
0.6567 29
0.6568 3
0.6568 11
0.6569 0
0.6571 17
0.6572 14
0.6574 24
0.6575 23
0.6576 15
0.6577 16
0.6577 26
0.6577 27
0.658 19
0.6584 1
0.6588 18
0.6591 6
0.6594 12
0.66 22
0.6604 13
0.6606 14
0.6606 20
0.6607 15
0.6608 0
0.6608 16
0.6609 3
0.6609 17
0.6609 26
0.6611 9
0.6611 27
0.6613 7
0.6614 11
0.6614 29
0.6616 23
0.6618 5
0.6619 24
0.6632 18
0.6634 1
0.6637 6
0.6638 12
0.6638 15
0.6639 16
0.664 14
0.6641 26
0.6644 22
0.6645 13
0.6646 21
0.6646 27
0.6647 0
0.6647 17
0.6647 20
0.6648 3
0.6655 19
0.6657 23
0.666 11
0.666 29
0.6661 9
0.6664 24
0.6669 15
0.6669 16
0.6672 26
0.6673 14
0.6677 18
0.6678 7
0.668 27
0.6681 12
0.6684 6
0.6685 1
0.6685 17
0.6686 0
0.6686 20
0.6687 3
0.6687 13
0.6687 22
0.6698 23
0.6699 15
0.6699 16
0.6704 26
0.6706 11
0.6706 14
0.6706 29
0.6709 24
0.671 9
0.6714 27
0.6721 18
0.6724 17
0.6725 0
0.6725 12
0.6726 3
0.6726 20
0.673 13
0.673 15
0.673 16
0.673 19
0.6731 6
0.6732 22
0.6736 26
0.6737 1
0.6739 14
0.6739 23
0.6747 7
0.6748 27
0.6751 11
0.6753 29
0.6754 24
0.6756 5
0.6761 9
0.6761 15
0.6761 16
0.6763 17
0.6765 0
0.6765 3
0.6766 18
0.6766 20
0.6768 12
0.6768 26
0.6771 13
0.6772 14
0.6775 21
0.6775 22
0.6777 6
0.678 23
0.6782 27
0.6788 1
0.6792 15
0.6792 16
0.6797 11
0.6799 29
0.68 24
0.6801 17
0.6801 26
0.6804 0
0.6805 3
0.6805 14
0.6806 19
0.6807 20
0.681 9
0.6811 12
0.6811 18
0.6812 7
0.6813 13
0.6816 27
0.6819 22
0.6821 23
0.6822 15
0.6822 16
0.6823 6
0.6833 26
0.6837 1
0.6838 14
0.6839 17
0.6843 0
0.6843 11
0.6844 3
0.6846 24
0.6846 29
0.6847 20
0.685 27
0.6852 16
0.6853 15
0.6854 12
0.6855 13
0.6855 18
0.6859 9
0.6862 23
0.6863 22
0.6865 26
0.6869 6
0.6871 14
0.6876 17
0.688 7
0.6881 19
0.6882 0
0.6883 16
0.6884 3
0.6884 15
0.6885 27
0.6887 20
0.6889 1
0.6889 11
0.6892 24
0.6894 29
0.6895 5
0.6896 26
0.6897 12
0.6897 13
0.6899 18
0.6903 23
0.6904 14
0.6905 21
0.6905 22
0.6908 9
0.6914 15
0.6914 16
0.6914 17
0.6916 6
0.6919 27
0.6921 0
0.6923 3
0.6926 20
0.6928 26
0.6935 11
0.6937 24
0.6938 13
0.6938 14
0.6939 29
0.6941 1
0.6941 12
0.6944 7
0.6944 18
0.6944 23
0.6945 15
0.6945 16
0.6949 22
0.6952 17
0.6953 27
0.6956 9
0.6956 19
0.696 26
0.6961 0
0.6962 3
0.6963 6
0.6966 20
0.6971 14
0.6975 16
0.6976 15
0.6979 13
0.6981 11
0.6983 24
0.6984 12
0.6984 23
0.6986 29
0.6987 27
0.6988 18
0.699 17
0.6991 1
0.6992 22
0.6992 26
0.7001 0
0.7002 3
0.7004 14
0.7006 9
0.7006 16
0.7007 15
0.7007 20
0.7009 6
0.7012 7
0.7021 13
0.7022 27
0.7024 23
0.7024 26
0.7027 11
0.7027 12
0.7028 17
0.7029 24
0.7032 18
0.7032 19
0.7034 21
0.7034 29
0.7036 22
0.7037 5
0.7037 14
0.7037 15
0.7037 16
0.704 0
0.7041 3
0.7042 1
0.7047 20
0.7054 9
0.7055 6
0.7056 26
0.7056 27
0.7062 13
0.7064 23
0.7066 17
0.7068 15
0.7068 16
0.707 12
0.7071 14
0.7073 11
0.7075 24
0.7077 7
0.7077 18
0.7079 0
0.708 3
0.708 22
0.708 29
0.7087 20
0.7088 26
0.709 27
0.7094 1
0.7099 15
0.7099 16
0.7101 6
0.7102 9
0.7103 13
0.7104 17
0.7105 14
0.7105 23
0.7108 19
0.7113 12
0.7117 0
0.7119 3
0.712 11
0.712 24
0.712 26
0.7121 18
0.7123 22
0.7124 27
0.7126 20
0.7127 29
0.7129 15
0.7129 16
0.7138 14
0.7141 17
0.7145 7
0.7146 1
0.7146 13
0.7146 23
0.7147 6
0.7152 9
0.7152 26
0.7156 12
0.7157 0
0.7158 3
0.7158 27
0.7159 16
0.716 15
0.7162 21
0.7165 18
0.7165 24
0.7166 20
0.7166 22
0.7167 11
0.7171 14
0.7174 29
0.7177 5
0.7178 17
0.7182 19
0.7184 26
0.7186 23
0.7188 13
0.719 16
0.7191 15
0.7192 27
0.7193 6
0.7197 0
0.7198 1
0.7198 3
0.72 12
0.7201 9
0.7204 14
0.7206 20
0.7209 18
0.7209 22
0.721 7
0.721 24
0.7213 11
0.7215 17
0.7216 26
0.722 16
0.722 29
0.7221 15
0.7226 23
0.7226 27
0.7229 13
0.7236 0
0.7237 3
0.7237 14
0.7239 6
0.7244 12
0.7247 20
0.7248 26
0.725 9
0.7251 1
0.7251 16
0.7252 15
0.7253 17
0.7253 22
0.7254 18
0.7256 24
0.7258 19
0.7259 11
0.7261 27
0.7267 23
0.7267 29
0.727 14
0.7271 13
0.7275 0
0.7277 3
0.7277 7
0.728 26
0.7282 16
0.7283 15
0.7285 6
0.7286 21
0.7287 12
0.7287 20
0.7291 17
0.7295 27
0.7296 22
0.7298 18
0.7299 9
0.7301 24
0.7302 1
0.7303 14
0.7305 11
0.7308 23
0.7312 26
0.7312 29
0.7313 13
0.7313 16
0.7314 0
0.7314 15
0.7316 3
0.7316 5
0.7327 20
0.7329 17
0.7329 27
0.7331 6
0.7331 12
0.7333 19
0.7336 14
0.734 22
0.7343 7
0.7343 18
0.7344 15
0.7344 16
0.7344 26
0.7346 24
0.7349 9
0.735 23
0.7351 11
0.7353 0
0.7353 13
0.7354 1
0.7355 3
0.7358 29
0.7362 27
0.7366 20
0.7367 17
0.7369 14
0.7374 12
0.7374 16
0.7375 15
0.7376 26
0.7377 6
0.7383 22
0.7387 18
0.7391 24
0.7392 0
0.7392 23
0.7394 13
0.7395 3
0.7397 11
0.7397 27
0.74 9
0.7403 14
0.7405 16
0.7405 17
0.7406 15
0.7406 29
0.7407 20
0.7408 1
0.7408 19
0.7408 21
0.7408 26
0.741 7
0.7418 12
0.7423 6
0.7426 22
0.7431 0
0.7431 27
0.7432 18
0.7434 3
0.7434 23
0.7435 13
0.7436 16
0.7436 24
0.7437 14
0.7437 15
0.744 26
0.7443 11
0.7443 17
0.7447 20
0.7448 9
0.7452 29
0.7454 5
0.746 1
0.7462 12
0.7466 27
0.7467 16
0.7468 15
0.7469 6
0.747 0
0.7471 14
0.7471 22
0.7472 26
0.7474 3
0.7476 7
0.7476 13
0.7476 23
0.7477 18
0.7481 17
0.7482 24
0.7484 19
0.7487 20
0.7489 11
0.7498 9
0.7498 15
0.7498 16
0.7499 27
0.7499 29
0.7504 14
0.7504 26
0.7505 12
0.7509 0
0.751 1
0.7513 3
0.7514 22
0.7516 6
0.7517 23
0.7518 13
0.7519 17
0.7522 18
0.7527 20
0.7527 24
0.7528 16
0.7529 15
0.7531 21
0.7533 27
0.7535 11
0.7536 26
0.7537 14
0.7543 7
0.7545 29
0.7548 0
0.7548 9
0.7549 12
0.7553 3
0.7557 17
0.7558 16
0.7559 22
0.7559 23
0.756 13
0.756 15
0.7561 19
0.7562 6
0.7563 1
0.7567 18
0.7567 20
0.7567 27
0.7568 26
0.757 14
0.7572 24
0.758 11
0.7587 0
0.7589 16
0.7591 15
0.7591 29
0.7592 12
0.7593 3
0.7593 5
0.7595 17
0.7597 9
0.76 26
0.7601 23
0.7601 27
0.7602 13
0.7603 14
0.7603 22
0.7607 20
0.7608 6
0.761 7
0.7612 18
0.7616 1
0.7617 24
0.762 16
0.7622 15
0.7626 0
0.7626 11
0.7632 3
0.7632 26
0.7633 17
0.7635 12
0.7635 27
0.7636 14
0.7636 19
0.7638 29
0.7643 13
0.7643 23
0.7646 9
0.7646 22
0.7647 20
0.7651 16
0.7652 15
0.7654 6
0.7657 18
0.766 21
0.7662 24
0.7664 26
0.7665 0
0.7667 1
0.7669 27
0.767 14
0.7671 17
0.7672 3
0.7672 11
0.7677 7
0.7678 12
0.7681 16
0.7682 15
0.7684 13
0.7684 23
0.7684 29
0.7687 20
0.769 22
0.7694 9
0.7696 26
0.77 6
0.7702 18
0.7703 14
0.7703 27
0.7704 0
0.7707 24
0.7709 17
0.7711 3
0.7712 16
0.7712 19
0.7713 15
0.7718 1
0.7718 11
0.7722 12
0.7725 23
0.7726 13
0.7726 20
0.7728 26
0.7731 29
0.7733 22
0.7735 5
0.7736 14
0.7737 27
0.7743 15
0.7743 16
0.7744 0
0.7744 9
0.7745 7
0.7747 6
0.7747 18
0.7748 17
0.7751 3
0.7753 24
0.776 26
0.7764 11
0.7765 23
0.7766 12
0.7766 13
0.7766 20
0.7769 1
0.777 14
0.7771 27
0.7773 15
0.7773 16
0.7777 22
0.7779 29
0.7783 0
0.7786 17
0.7789 19
0.779 3
0.779 21
0.7792 18
0.7792 26
0.7794 6
0.7794 9
0.7798 24
0.7804 14
0.7804 15
0.7804 16
0.7805 23
0.7805 27
0.7806 20
0.7808 13
0.7809 12
0.781 11
0.7811 7
0.782 1
0.782 22
0.7822 0
0.7824 17
0.7824 26
0.7825 29
0.7829 3
0.7834 16
0.7835 15
0.7837 14
0.7838 18
0.7839 27
0.784 6
0.7842 9
0.7843 24
0.7845 23
0.7846 20
0.785 13
0.7852 12
0.7856 11
0.7856 26
0.786 0
0.7862 17
0.7865 15
0.7865 16
0.7865 22
0.7866 19
0.7869 3
0.787 14
0.7872 1
0.7872 29
0.7873 27
0.7874 5
0.788 7
0.7883 18
0.7885 20
0.7885 23
0.7886 6
0.7888 24
0.7888 26
0.7892 9
0.7892 13
0.7895 12
0.7896 15
0.7896 16
0.7899 0
0.79 17
0.7902 11
0.7903 14
0.7907 27
0.7908 3
0.7908 22
0.7919 21
0.792 26
0.792 29
0.7923 1
0.7925 20
0.7925 23
0.7927 15
0.7927 16
0.7928 18
0.7932 6
0.7934 13
0.7934 24
0.7937 14
0.7938 0
0.7938 17
0.7939 12
0.7941 19
0.7942 9
0.7942 27
0.7946 7
0.7948 3
0.7949 11
0.7952 22
0.7952 26
0.7957 15
0.7957 16
0.7964 20
0.7965 23
0.7966 29
0.797 14
0.7972 1
0.7973 18
0.7976 13
0.7976 17
0.7976 27
0.7977 0
0.7979 6
0.798 24
0.7982 12
0.7984 26
0.7987 15
0.7988 3
0.7988 16
0.7992 9
0.7996 11
0.7996 22
0.8003 14
0.8004 20
0.8006 23
0.8011 27
0.8013 5
0.8014 17
0.8014 29
0.8015 7
0.8016 0
0.8016 26
0.8018 15
0.8018 18
0.8019 13
0.8019 16
0.8019 19
0.8024 1
0.8026 6
0.8026 24
0.8027 3
0.8027 12
0.8036 14
0.8038 22
0.8042 11
0.8043 9
0.8044 20
0.8045 27
0.8047 21
0.8047 23
0.8048 26
0.8049 15
0.805 16
0.8052 17
0.8055 0
0.806 13
0.8061 29
0.8063 18
0.8066 3
0.8069 14
0.8071 12
0.8072 6
0.8072 24
0.8076 1
0.808 7
0.808 15
0.808 27
0.8081 16
0.8081 26
0.8083 22
0.8085 20
0.8088 11
0.8088 23
0.8089 17
0.8092 9
0.8094 0
0.8095 19
0.8101 13
0.8102 14
0.8105 3
0.8107 29
0.8108 18
0.811 15
0.8111 16
0.8113 26
0.8113 27
0.8115 12
0.8118 6
0.8118 24
0.8124 20
0.8126 17
0.8126 22
0.8127 1
0.8129 23
0.8133 0
0.8134 11
0.8136 14
0.8141 15
0.8142 16
0.8143 9
0.8143 13
0.8145 26
0.8146 3
0.8147 27
0.8149 7
0.8151 5
0.8153 18
0.8154 29
0.8159 12
0.8164 6
0.8164 17
0.8164 20
0.8164 24
0.817 14
0.817 22
0.817 23
0.8171 19
0.8172 0
0.8172 15
0.8173 16
0.8175 21
0.8177 26
0.8178 1
0.818 11
0.8181 27
0.8183 13
0.8185 3
0.8192 9
0.8197 18
0.8201 29
0.8202 12
0.8202 17
0.8203 15
0.8203 16
0.8204 14
0.8204 20
0.8209 26
0.821 6
0.821 24
0.8211 0
0.8211 23
0.8214 22
0.8215 7
0.8216 27
0.8224 3
0.8224 13
0.8226 11
0.823 1
0.8233 16
0.8234 15
0.8237 14
0.824 17
0.8241 9
0.8241 26
0.8242 18
0.8245 20
0.8246 12
0.8247 19
0.8249 29
0.825 0
0.825 27
0.8252 23
0.8255 24
0.8256 6
0.8258 22
0.8264 3
0.8264 16
0.8265 15
0.8266 13
0.8271 14
0.8272 11
0.8273 26
0.8278 17
0.8282 1
0.8284 7
0.8284 27
0.8285 20
0.8286 18
0.8289 0
0.8289 12
0.829 5
0.8292 9
0.8294 16
0.8294 23
0.8295 15
0.8297 29
0.83 24
0.8302 22
0.8303 3
0.8303 6
0.8304 14
0.8304 21
0.8304 26
0.8306 13
0.8316 17
0.8318 11
0.8318 27
0.8323 19
0.8325 16
0.8326 15
0.8326 20
0.8328 0
0.833 18
0.8333 12
0.8335 1
0.8335 26
0.8336 23
0.8337 14
0.8341 9
0.8343 3
0.8343 29
0.8345 24
0.8346 22
0.8348 13
0.8349 7
0.835 6
0.8352 27
0.8354 17
0.8355 16
0.8357 15
0.8364 11
0.8366 0
0.8366 20
0.8367 26
0.837 14
0.8374 18
0.8376 12
0.8377 23
0.8382 3
0.8386 16
0.8386 27
0.8387 1
0.8388 15
0.8389 13
0.839 9
0.839 22
0.8391 17
0.8391 24
0.8391 29
0.8396 6
0.8398 19
0.8399 26
0.8403 14
0.8404 0
0.8406 20
0.841 11
0.8417 16
0.8418 7
0.8418 12
0.8418 18
0.8418 23
0.8419 15
0.842 27
0.8422 3
0.8429 17
0.8431 13
0.8431 26
0.8432 5
0.8432 21
0.8433 22
0.8436 14
0.8436 24
0.8438 1
0.8439 9
0.8439 29
0.8442 6
0.8443 0
0.8446 20
0.8447 16
0.845 15
0.8454 27
0.8456 11
0.8458 23
0.8461 3
0.8461 12
0.8462 18
0.8463 26
0.8467 17
0.8469 14
0.8472 13
0.8472 19
0.8478 16
0.8478 22
0.848 15
0.8481 24
0.8482 0
0.8482 7
0.8486 20
0.8486 29
0.8487 6
0.8488 9
0.8488 27
0.8491 1
0.8494 26
0.8499 23
0.85 3
0.8502 11
0.8503 12
0.8503 14
0.8506 17
0.8507 18
0.8508 16
0.8511 15
0.8513 13
0.852 0
0.8521 22
0.8522 27
0.8526 20
0.8526 24
0.8526 26
0.8533 6
0.8534 29
0.8537 14
0.8539 9
0.8539 16
0.854 23
0.8541 3
0.8542 15
0.8545 1
0.8545 17
0.8548 11
0.8548 12
0.8548 19
0.855 7
0.8551 18
0.8555 13
0.8557 27
0.8558 0
0.8558 26
0.856 21
0.8564 22
0.8566 20
0.8569 16
0.857 14
0.8571 24
0.8572 5
0.8573 15
0.858 6
0.8581 3
0.8581 23
0.8581 29
0.8583 17
0.8587 9
0.859 26
0.8591 12
0.8592 27
0.8594 11
0.8595 18
0.8596 1
0.8596 13
0.8597 0
0.86 16
0.8603 14
0.8604 15
0.8606 20
0.8608 22
0.8614 7
0.8616 24
0.862 3
0.8621 17
0.8622 19
0.8622 23
0.8622 26
0.8626 27
0.8627 6
0.8629 29
0.8631 16
0.8635 12
0.8635 15
0.8636 0
0.8636 9
0.8637 13
0.8637 14
0.864 11
0.864 18
0.8645 20
0.8646 1
0.8651 22
0.8653 26
0.8659 3
0.8659 17
0.866 27
0.8661 16
0.8661 24
0.8663 23
0.8666 15
0.867 14
0.8674 6
0.8675 0
0.8677 29
0.8679 12
0.868 13
0.8682 7
0.8685 18
0.8686 11
0.8686 20
0.8686 26
0.8688 9
0.8688 21
0.8691 16
0.8694 27
0.8695 22
0.8696 15
0.8697 17
0.8697 19
0.8698 3
0.8699 1
0.8703 14
0.8704 23
0.8706 24
0.8709 5
0.8714 0
0.8718 26
0.872 6
0.8722 12
0.8722 13
0.8722 16
0.8724 29
0.8726 20
0.8727 15
0.8728 27
0.873 18
0.8733 11
0.8735 17
0.8736 14
0.8738 9
0.8739 3
0.8739 22
0.8746 7
0.8746 23
0.875 26
0.8751 1
0.8751 24
0.8753 0
0.8753 16
0.8758 15
0.8762 27
0.8763 13
0.8766 6
0.8766 12
0.8766 20
0.877 14
0.8772 29
0.8773 17
0.8773 19
0.8775 18
0.8778 3
0.878 11
0.8782 26
0.8783 22
0.8784 16
0.8788 9
0.8788 15
0.8788 23
0.8792 0
0.8796 24
0.8796 27
0.8802 1
0.8804 14
0.8805 13
0.8806 20
0.8809 12
0.8812 17
0.8813 6
0.8814 7
0.8814 26
0.8815 16
0.8818 3
0.8818 15
0.8818 21
0.882 18
0.8821 29
0.8827 11
0.8827 22
0.883 23
0.883 27
0.8831 0
0.8837 9
0.8837 14
0.8841 24
0.8846 16
0.8846 26
0.8847 13
0.8847 20
0.8849 5
0.8849 15
0.8849 19
0.8851 17
0.8854 1
0.8854 12
0.8857 3
0.886 6
0.8864 27
0.8865 18
0.8868 29
0.887 0
0.887 14
0.887 22
0.8872 23
0.8873 11
0.8877 16
0.8878 26
0.8879 7
0.888 15
0.8887 9
0.8887 20
0.8887 24
0.8888 13
0.8889 17
0.8896 3
0.8898 12
0.8898 27
0.8903 14
0.8905 1
0.8907 6
0.8908 16
0.8909 0
0.891 15
0.891 26
0.8911 18
0.8913 23
0.8914 22
0.8915 29
0.8919 11
0.8925 19
0.8927 17
0.8927 20
0.8929 13
0.8932 27
0.8933 24
0.8936 14
0.8937 3
0.8938 9
0.8939 16
0.894 15
0.8941 12
0.8942 26
0.8946 7
0.8947 21
0.8948 0
0.8953 6
0.8954 23
0.8956 1
0.8956 18
0.8957 22
0.8963 29
0.8965 11
0.8965 17
0.8966 27
0.8967 20
0.897 13
0.897 14
0.897 16
0.8971 15
0.8974 26
0.8977 3
0.8979 24
0.8984 12
0.8986 9
0.8987 0
0.8987 5
0.8995 23
0.8999 6
0.9001 16
0.9001 27
0.9002 15
0.9002 18
0.9002 22
0.9003 17
0.9003 19
0.9004 14
0.9006 26
0.9007 20
0.9009 1
0.9011 13
0.9011 29
0.9012 7
0.9012 11
0.9016 3
0.9025 24
0.9026 0
0.9026 12
0.9031 16
0.9033 15
0.9035 9
0.9035 27
0.9036 23
0.9037 14
0.9038 26
0.9041 17
0.9045 22
0.9046 6
0.9047 18
0.9047 20
0.9052 13
0.9055 3
0.9058 11
0.9059 29
0.9061 1
0.9062 16
0.9064 15
0.9065 0
0.9069 27
0.907 12
0.907 14
0.907 26
0.9071 24
0.9075 21
0.9077 23
0.9079 7
0.9079 17
0.908 19
0.9085 9
0.9087 20
0.9089 22
0.9092 18
0.9093 6
0.9093 16
0.9094 3
0.9094 13
0.9095 15
0.9102 26
0.9103 14
0.9103 27
0.9104 0
0.9104 11
0.9105 29
0.911 1
0.9113 12
0.9117 17
0.9117 23
0.9117 24
0.9124 16
0.9126 15
0.9127 20
0.9129 5
0.9134 9
0.9134 22
0.9134 26
0.9135 3
0.9136 13
0.9136 14
0.9138 18
0.9138 27
0.914 6
0.9143 0
0.9146 7
0.915 11
0.9152 29
0.9154 16
0.9155 17
0.9157 15
0.9157 19
0.9157 23
0.9158 12
0.9162 1
0.9163 24
0.9166 26
0.9167 20
0.9169 14
0.9172 27
0.9174 3
0.9177 13
0.9177 22
0.9183 0
0.9183 18
0.9184 9
0.9185 16
0.9186 6
0.9188 15
0.9193 17
0.9196 11
0.9197 23
0.9198 26
0.92 29
0.9201 12
0.9202 14
0.9202 21
0.9206 27
0.9207 20
0.9209 24
0.9212 7
0.9214 3
0.9215 1
0.9216 16
0.9218 15
0.9219 13
0.9222 0
0.9222 22
0.9228 18
0.923 26
0.9231 17
0.9232 9
0.9233 6
0.9234 19
0.9235 14
0.9238 23
0.924 27
0.9242 11
0.9244 12
0.9247 16
0.9247 20
0.9247 29
0.9249 15
0.9253 3
0.9254 24
0.9261 0
0.9261 13
0.9262 26
0.9265 1
0.9265 22
0.9268 14
0.9269 17
0.9271 5
0.9273 18
0.9274 27
0.9278 16
0.9279 6
0.9279 23
0.928 7
0.928 15
0.9283 9
0.9287 12
0.9287 20
0.9288 11
0.9292 3
0.9294 26
0.9294 29
0.9299 0
0.9299 24
0.9301 13
0.9301 14
0.9307 17
0.9308 16
0.9308 27
0.9309 22
0.931 15
0.9312 19
0.9316 1
0.9318 18
0.932 23
0.9325 6
0.9326 26
0.9327 20
0.9329 21
0.933 12
0.9332 3
0.9334 9
0.9334 11
0.9335 14
0.9339 0
0.9339 16
0.9341 15
0.9341 29
0.9343 13
0.9343 27
0.9345 17
0.9345 24
0.9346 7
0.9353 22
0.9358 26
0.9361 23
0.9363 18
0.9368 1
0.9368 20
0.9369 14
0.937 16
0.9372 3
0.9372 6
0.9372 15
0.9375 12
0.9378 27
0.9379 0
0.938 11
0.9383 9
0.9383 17
0.9385 13
0.9388 19
0.9388 29
0.939 26
0.9391 24
0.9397 22
0.94 16
0.9402 14
0.9402 23
0.9403 15
0.9408 18
0.9408 20
0.9411 5
0.9412 3
0.9412 27
0.9415 7
0.9418 0
0.9419 6
0.9419 12
0.942 1
0.9421 17
0.9422 26
0.9426 11
0.9427 13
0.943 16
0.9433 9
0.9433 15
0.9435 14
0.9435 29
0.9436 24
0.944 22
0.9443 23
0.9446 27
0.9448 20
0.9451 3
0.9452 18
0.9454 26
0.9457 0
0.9458 21
0.946 17
0.9461 16
0.9464 12
0.9464 15
0.9464 19
0.9466 6
0.9469 13
0.9469 14
0.9472 11
0.9473 1
0.948 27
0.9481 7
0.9481 24
0.9481 29
0.9482 9
0.9484 22
0.9485 23
0.9486 26
0.9488 20
0.949 3
0.9491 16
0.9495 15
0.9496 0
0.9497 18
0.9499 17
0.9503 14
0.9507 12
0.9511 13
0.9512 6
0.9514 27
0.9518 11
0.9518 26
0.9522 16
0.9525 1
0.9526 15
0.9526 24
0.9527 23
0.9528 29
0.9529 20
0.9529 22
0.953 3
0.9532 9
0.9535 0
0.9536 14
0.9537 17
0.9541 19
0.9542 18
0.9548 27
0.955 5
0.955 12
0.955 26
0.9551 7
0.9553 16
0.9554 13
0.9557 15
0.9558 6
0.9565 11
0.9569 14
0.9569 20
0.9569 23
0.957 3
0.9572 22
0.9572 24
0.9574 0
0.9575 17
0.9576 1
0.9577 29
0.9582 9
0.9582 26
0.9582 27
0.9583 16
0.9586 18
0.9588 15
0.9588 21
0.9593 12
0.9595 13
0.9602 14
0.9605 6
0.9609 20
0.961 3
0.9611 23
0.9612 11
0.9613 17
0.9614 0
0.9614 16
0.9615 26
0.9617 7
0.9617 19
0.9617 27
0.9618 15
0.9618 22
0.9618 24
0.9623 29
0.9629 1
0.963 18
0.9631 9
0.9636 12
0.9636 13
0.9636 14
0.9644 16
0.9647 26
0.9649 3
0.9649 15
0.9649 20
0.9651 17
0.9651 27
0.9652 6
0.9652 23
0.9653 0
0.9659 11
0.9661 22
0.9663 24
0.9669 14
0.967 29
0.9675 16
0.9675 18
0.9679 13
0.9679 26
0.968 12
0.968 15
0.9682 9
0.9683 1
0.9686 7
0.9686 27
0.9689 3
0.9689 17
0.9689 20
0.9692 0
0.9692 19
0.9694 5
0.9694 23
0.9699 6
0.9702 14
0.9704 22
0.9705 16
0.9706 11
0.9708 24
0.9711 15
0.9711 26
0.9717 29
0.9718 21
0.9719 13
0.9719 18
0.972 27
0.9722 12
0.9727 17
0.9729 3
0.9729 20
0.9731 9
0.9732 0
0.9735 1
0.9735 14
0.9736 16
0.9736 23
0.9741 15
0.9743 26
0.9745 6
0.9748 22
0.9751 7
0.9752 11
0.9753 24
0.9755 27
0.976 13
0.9763 18
0.9764 29
0.9766 12
0.9766 17
0.9767 16
0.9768 19
0.9769 3
0.9769 14
0.977 20
0.9772 0
0.9772 15
0.9775 26
0.9778 23
0.9779 9
0.9786 1
0.9789 27
0.979 22
0.9791 6
0.9798 11
0.9798 16
0.9798 24
0.9802 13
0.9803 14
0.9803 15
0.9805 17
0.9807 26
0.9808 18
0.9809 3
0.9809 12
0.981 20
0.9811 0
0.9812 29
0.9819 7
0.9819 23
0.9823 27
0.9829 9
0.9829 16
0.9834 15
0.9834 22
0.9837 14
0.9838 6
0.9839 1
0.9839 5
0.9839 26
0.9843 17
0.9844 13
0.9844 19
0.9844 21
0.9844 24
0.9845 11
0.9848 3
0.985 0
0.985 20
0.9852 12
0.9853 18
0.9856 27
0.9859 16
0.9859 29
0.986 23
0.9864 15
0.987 14
0.9871 26
0.9877 22
0.9878 9
0.9881 17
0.9883 7
0.9885 6
0.9886 13
0.9887 3
0.989 0
0.989 16
0.989 20
0.989 24
0.9891 1
0.9891 11
0.9891 27
0.9895 15
0.9896 12
0.9898 18
0.99 23
0.9902 26
0.9903 14
0.9905 29
0.9919 17
0.992 19
0.9921 16
0.9922 22
0.9926 15
0.9926 27
0.9927 3
0.9928 9
0.9929 13
0.993 0
0.993 20
0.9932 6
0.9934 26
0.9936 24
0.9937 11
0.9937 14
0.994 12
0.9941 23
0.9943 1
0.9943 18
0.9951 7
0.9952 16
0.9953 29
0.9957 15
0.9957 17
0.996 27
0.9966 22
0.9966 26
0.9967 3
0.997 0
0.997 14
0.9971 13
0.9971 20
0.9972 21
0.9978 6
0.9978 9
0.9982 16
0.9982 23
0.9982 24
0.9983 11
0.9984 5
0.9985 12
0.9988 15
0.9988 18
0.9994 27
0.9995 1
0.9995 17
0.9996 19
0.9998 26
0.9999 29
