0.2163 0
0.2163 1
0.2163 2
0.2163 3
0.2163 4
0.2163 5
0.2163 6
0.2163 7
0.2163 8
0.2163 9
0.2217 3
0.2217 9
0.2221 2
0.2222 0
0.2222 7
0.2226 1
0.2231 8
0.2232 6
0.2234 5
0.2243 4
0.2262 9
0.2263 3
0.227 2
0.2272 0
0.2272 7
0.228 1
0.2292 8
0.2294 6
0.2299 5
0.2304 9
0.2305 3
0.2316 2
0.2317 0
0.2319 7
0.2323 4
0.2326 16
0.2329 1
0.2343 3
0.2344 9
0.2349 8
0.2352 6
0.2358 2
0.2359 0
0.236 5
0.2363 7
0.2371 16
0.2375 1
0.238 3
0.2382 9
0.2398 0
0.2399 2
0.2403 4
0.2403 8
0.2406 7
0.2407 6
0.2412 16
0.2416 3
0.2418 5
0.2418 9
0.242 1
0.2435 0
0.2436 13
0.2438 2
0.2447 7
0.2449 16
0.245 3
0.2454 9
0.2455 8
0.2455 27
0.246 6
0.2464 1
0.2471 0
0.2475 5
0.2477 2
0.248 23
0.2483 4
0.2484 3
0.2484 16
0.2484 25
0.2485 20
0.2487 7
0.2488 9
0.2505 1
0.2505 8
0.2506 0
0.2506 13
0.2509 14
0.2511 6
0.2515 2
0.2517 3
0.2518 16
0.2518 27
0.2521 9
0.2524 7
0.253 5
0.2536 12
0.254 0
0.2545 1
0.255 3
0.2551 8
0.2551 16
0.2553 2
0.2554 4
0.2554 9
0.2556 20
0.2557 23
0.2558 25
0.2559 6
0.2561 7
0.2563 13
0.2566 14
0.2572 27
0.2573 0
0.2581 3
0.2583 1
0.2583 16
0.2583 21
0.2584 5
0.2586 9
0.259 2
0.2595 8
0.2597 7
0.2604 6
0.2605 0
0.2608 12
0.2612 3
0.2614 13
0.2614 16
0.2614 20
0.2615 14
0.2615 29
0.2617 9
0.2619 4
0.2619 26
0.262 1
0.262 27
0.2622 23
0.2622 25
0.2626 2
0.2628 22
0.2632 7
0.2637 5
0.2637 8
0.2638 0
0.2642 3
0.2642 19
0.2644 16
0.2647 6
0.2648 9
0.2649 18
0.2656 1
0.2658 14
0.266 13
0.2661 2
0.2662 20
0.2663 21
0.2663 27
0.2666 7
0.2666 12
0.267 0
0.2672 3
0.2674 16
0.2678 8
0.2678 9
0.2679 4
0.268 25
0.2681 23
0.2687 29
0.2689 5
0.2689 6
0.2691 1
0.2691 26
0.2695 2
0.2697 14
0.2699 7
0.2701 0
0.2702 3
0.2703 13
0.2703 16
0.2705 27
0.2706 20
0.2708 9
0.2712 22
0.2717 8
0.2718 12
0.2718 19
0.272 18
0.2725 1
0.2725 21
0.2729 2
0.273 6
0.2731 7
0.2732 0
0.2732 3
0.2732 16
0.2734 14
0.2735 4
0.2735 23
0.2735 25
0.2737 9
0.274 5
0.2744 13
0.2744 27
0.2746 20
0.2746 29
0.2751 26
0.2756 8
0.2758 1
0.2761 3
0.2761 16
0.2762 2
0.2763 0
0.2763 7
0.2766 9
0.2766 12
0.277 6
0.277 14
0.2779 21
0.278 15
0.278 18
0.2781 19
0.2781 22
0.2781 27
0.2784 13
0.2785 20
0.2786 23
0.2788 25
0.2789 4
0.279 3
0.279 5
0.279 16
0.2791 1
0.2793 8
0.2794 0
0.2794 7
0.2795 2
0.2795 9
0.2798 29
0.2804 14
0.2805 26
0.2809 6
0.281 12
0.2818 16
0.2818 27
0.2819 3
0.2822 13
0.2823 9
0.2823 20
0.2824 1
0.2825 0
0.2825 7
0.2827 2
0.2827 21
0.283 8
0.2835 23
0.2836 18
0.2837 14
0.2838 19
0.2839 25
0.284 5
0.2841 4
0.2841 15
0.2843 22
0.2846 16
0.2846 29
0.2847 3
0.2847 6
0.2851 9
0.2853 12
0.2853 27
0.2855 0
0.2855 7
0.2856 1
0.2856 26
0.2859 2
0.2859 13
0.2859 20
0.2865 8
0.2869 14
0.2871 21
0.2872 17
0.2874 16
0.2875 3
0.2879 9
0.2882 23
0.2884 6
0.2885 0
0.2885 7
0.2888 1
0.2888 18
0.2888 25
0.2888 27
0.2889 5
0.2889 19
0.289 29
0.2891 2
0.2891 4
0.2894 15
0.2895 12
0.2895 20
0.2896 13
0.2896 22
0.29 8
0.2901 14
0.2901 16
0.2902 3
0.2904 26
0.2906 9
0.2913 21
0.2914 7
0.2915 0
0.2919 1
0.292 6
0.2922 2
0.2922 27
0.2928 16
0.2928 23
0.293 3
0.293 20
0.2932 13
0.2932 29
0.2933 9
0.2933 14
0.2935 8
0.2936 12
0.2936 19
0.2936 25
0.2938 5
0.2938 18
0.294 4
0.2943 7
0.2943 15
0.2944 11
0.2945 0
0.2945 22
0.2947 17
0.2949 26
0.295 1
0.2953 2
0.2954 21
0.2955 16
0.2955 27
0.2956 6
0.2957 3
0.296 9
0.2964 14
0.2964 20
0.2967 13
0.2969 8
0.2971 29
0.2972 7
0.2973 23
0.2975 0
0.2976 12
0.298 19
0.2981 1
0.2982 16
0.2983 5
0.2983 25
0.2984 2
0.2984 3
0.2985 18
0.2987 9
0.2987 27
0.2988 4
0.2988 15
0.2991 6
0.2991 22
0.2992 26
0.2994 14
0.2994 21
0.2997 20
0.3002 7
0.3002 13
0.3005 8
0.3008 0
0.3009 16
0.3009 29
0.3012 17
0.3014 3
0.3015 12
0.3017 9
0.3018 23
0.3019 27
0.302 1
0.3023 19
0.3024 2
0.3024 14
0.303 20
0.303 25
0.3031 18
0.3032 15
0.3034 21
0.3034 26
0.3035 22
0.3036 16
0.3037 7
0.3038 13
0.3044 3
0.3045 0
0.3046 11
0.3047 29
0.3048 9
0.3049 6
0.3051 27
0.3053 8
0.3054 12
0.3054 14
0.3059 1
0.3062 16
0.3064 2
0.3064 20
0.3065 23
0.3066 19
0.3072 7
0.3072 17
0.3073 24
0.3074 15
0.3074 21
0.3074 26
0.3075 3
0.3075 13
0.3078 9
0.3078 18
0.3079 22
0.3081 25
0.3083 0
0.3083 14
0.3083 27
0.3085 29
0.3088 16
0.3094 12
0.3098 1
0.3098 20
0.3099 8
0.3105 2
0.3105 6
0.3107 3
0.3107 19
0.3108 7
0.3108 9
0.3113 14
0.3113 21
0.3113 23
0.3114 13
0.3114 16
0.3115 15
0.3115 26
0.3115 27
0.3122 0
0.3122 22
0.3123 29
0.3126 18
0.313 17
0.3132 20
0.3134 12
0.3135 11
0.3136 1
0.3137 25
0.3138 3
0.3139 9
0.3141 16
0.3143 14
0.3145 7
0.3145 8
0.3147 2
0.3147 19
0.3147 27
0.3151 21
0.3154 24
0.3154 26
0.3155 13
0.3155 15
0.3159 6
0.3161 0
0.3161 23
0.3161 29
0.3165 22
0.3166 20
0.3168 16
0.3169 3
0.317 9
0.3173 14
0.3174 1
0.3175 12
0.3176 18
0.3179 27
0.3182 7
0.3187 17
0.3188 19
0.3189 21
0.319 2
0.319 8
0.3193 26
0.3194 10
0.3195 15
0.3195 16
0.3197 25
0.3198 13
0.3199 29
0.32 20
0.3201 3
0.3201 9
0.3202 0
0.3202 14
0.3207 22
0.321 23
0.3211 1
0.3211 27
0.3212 6
0.3216 11
0.3216 12
0.3218 7
0.3221 16
0.3224 24
0.3226 18
0.3227 21
0.3229 19
0.3231 14
0.3232 9
0.3232 26
0.3233 3
0.3234 2
0.3234 15
0.3235 8
0.3235 20
0.3238 29
0.324 17
0.3242 13
0.3243 27
0.3244 0
0.3247 1
0.3247 16
0.3249 22
0.3254 7
0.3257 12
0.326 14
0.326 23
0.3261 25
0.3263 9
0.3264 6
0.3265 3
0.3265 21
0.3269 19
0.327 20
0.3271 26
0.3274 15
0.3274 16
0.3275 27
0.3276 18
0.3276 29
0.3279 2
0.3279 8
0.3283 1
0.3287 0
0.3288 13
0.3289 14
0.3289 24
0.329 22
0.3291 7
0.3294 9
0.3294 11
0.3294 17
0.3295 28
0.3297 3
0.3298 12
0.33 16
0.3303 21
0.3305 20
0.3307 27
0.3308 19
0.3309 26
0.331 23
0.3313 15
0.3314 29
0.3316 6
0.3318 14
0.332 1
0.3322 8
0.3325 2
0.3325 9
0.3327 16
0.3327 18
0.3329 7
0.333 0
0.333 3
0.3331 22
0.3331 25
0.3336 13
0.3339 12
0.3339 27
0.334 20
0.3341 21
0.3342 10
0.3347 14
0.3347 19
0.3347 26
0.3348 17
0.3351 15
0.3352 24
0.3353 29
0.3354 16
0.3356 1
0.3356 9
0.3362 3
0.3362 23
0.3365 8
0.3367 7
0.3368 6
0.337 2
0.337 11
0.3372 22
0.3372 27
0.3374 0
0.3375 20
0.3376 14
0.3379 18
0.3379 21
0.338 12
0.338 16
0.3385 26
0.3386 9
0.3386 13
0.3387 19
0.339 15
0.3391 29
0.3392 1
0.3394 3
0.34 17
0.3404 27
0.3405 7
0.3405 25
0.3406 14
0.3407 16
0.3408 8
0.341 20
0.3412 24
0.3413 22
0.3414 23
0.3415 2
0.3417 9
0.3418 0
0.3418 21
0.342 6
0.3422 12
0.3423 26
0.3426 19
0.3427 3
0.3428 1
0.3429 29
0.343 15
0.3431 18
0.3434 16
0.3436 14
0.3436 27
0.3437 13
0.3443 7
0.3445 11
0.3445 20
0.3448 9
0.345 8
0.3454 17
0.3454 22
0.3456 21
0.346 3
0.346 26
0.3461 2
0.3461 16
0.3463 0
0.3464 12
0.3465 1
0.3465 14
0.3466 19
0.3466 23
0.3467 28
0.3467 29
0.3469 27
0.347 15
0.3471 6
0.3471 24
0.3477 10
0.3478 9
0.348 7
0.348 20
0.3483 18
0.3483 25
0.3488 16
0.3489 13
0.3493 3
0.3493 8
0.3494 14
0.3494 21
0.3495 22
0.3497 26
0.3501 1
0.3502 27
0.3506 12
0.3506 19
0.3506 29
0.3507 2
0.3507 17
0.3508 0
0.3508 9
0.3508 15
0.3514 16
0.3515 20
0.3517 7
0.3518 23
0.352 11
0.3522 6
0.3523 14
0.3526 3
0.3529 24
0.3532 21
0.3534 26
0.3534 27
0.3535 8
0.3535 18
0.3536 22
0.3537 1
0.3539 9
0.3541 16
0.3542 13
0.3545 29
0.3546 19
0.3548 12
0.3548 15
0.3551 20
0.3552 14
0.3553 0
0.3553 2
0.3554 7
0.3559 3
0.3561 17
0.3565 25
0.3567 27
0.3568 16
0.357 9
0.357 21
0.357 23
0.3571 26
0.3573 6
0.3574 1
0.3577 8
0.3577 22
0.3582 14
0.3584 29
0.3586 19
0.3586 24
0.3587 18
0.3587 20
0.3589 15
0.359 12
0.3591 7
0.3593 3
0.3595 16
0.3597 11
0.3597 13
0.3598 0
0.3599 2
0.36 9
0.36 27
0.3606 10
0.3607 21
0.3607 26
0.361 1
0.3611 14
0.3615 17
0.3619 8
0.3619 22
0.3622 16
0.3622 20
0.3622 23
0.3623 29
0.3624 6
0.3626 19
0.3627 3
0.3628 7
0.3628 15
0.3628 28
0.3631 9
0.3632 12
0.3633 27
0.364 18
0.3641 14
0.3643 0
0.3643 24
0.3643 26
0.3645 1
0.3645 21
0.3646 2
0.3649 16
0.3652 13
0.3652 25
0.3657 20
0.3661 3
0.3661 22
0.3662 8
0.3662 9
0.3662 29
0.3665 19
0.3666 7
0.3666 27
0.3667 15
0.3669 17
0.3671 14
0.3674 11
0.3674 12
0.3674 23
0.3675 6
0.3676 16
0.368 26
0.3681 1
0.3683 21
0.3688 0
0.3692 9
0.3693 18
0.3693 20
0.3694 2
0.3695 3
0.3699 24
0.3699 27
0.3701 14
0.3701 29
0.3702 22
0.3703 16
0.3705 7
0.3705 8
0.3705 19
0.3707 13
0.3707 15
0.3716 12
0.3717 1
0.3717 26
0.3721 21
0.3723 9
0.3725 17
0.3726 23
0.3727 6
0.3728 3
0.3729 20
0.373 16
0.3731 14
0.3733 10
0.3733 27
0.3734 0
0.374 29
0.3741 2
0.3741 25
0.3743 22
0.3744 7
0.3745 19
0.3746 18
0.3747 15
0.3748 8
0.3751 11
0.3752 1
0.3754 9
0.3754 26
0.3756 24
0.3757 16
0.3758 12
0.3759 21
0.376 14
0.3761 3
0.3763 13
0.3764 20
0.3766 27
0.3778 17
0.3778 23
0.3779 6
0.3779 29
0.378 0
0.3783 7
0.3784 16
0.3785 9
0.3785 22
0.3786 15
0.3786 19
0.3788 1
0.3788 2
0.3788 28
0.379 14
0.3791 8
0.3791 26
0.3794 3
0.3797 21
0.3799 18
0.3799 20
0.3799 27
0.38 12
0.3811 16
0.3812 24
0.3815 9
0.3818 29
0.382 13
0.382 14
0.3821 7
0.3824 1
0.3826 0
0.3826 15
0.3826 19
0.3828 3
0.3828 22
0.3828 26
0.3829 11
0.3832 6
0.3832 23
0.3832 25
0.3833 27
0.3834 8
0.3834 17
0.3835 2
0.3835 20
0.3835 21
0.3838 16
0.3842 12
0.3845 9
0.385 14
0.3852 18
0.3857 29
0.3859 7
0.386 1
0.386 10
0.3862 3
0.3865 16
0.3865 26
0.3866 15
0.3866 19
0.3867 27
0.3868 24
0.387 22
0.3871 20
0.3872 0
0.3873 21
0.3876 9
0.3877 8
0.3879 13
0.388 14
0.3881 2
0.3883 12
0.3885 6
0.3886 23
0.3889 17
0.3892 16
0.3895 1
0.3896 3
0.3896 7
0.3896 29
0.39 27
0.3902 26
0.3905 18
0.3906 9
0.3906 15
0.3906 19
0.3907 11
0.3907 20
0.391 14
0.391 22
0.3912 21
0.3919 0
0.3919 8
0.3919 16
0.3924 24
0.3924 25
0.3925 12
0.3927 2
0.393 3
0.3931 1
0.3934 7
0.3934 27
0.3936 29
0.3937 9
0.3938 6
0.3938 13
0.3939 23
0.3939 26
0.394 14
0.3943 20
0.3946 15
0.3946 16
0.3946 17
0.3947 19
0.395 21
0.395 28
0.3952 22
0.3958 18
0.3962 8
0.3964 3
0.3966 0
0.3967 1
0.3967 12
0.3968 9
0.3968 27
0.397 14
0.3972 7
0.3973 16
0.3974 2
0.3975 29
0.3976 26
0.3979 20
0.398 24
0.3985 11
0.3986 15
0.3987 19
0.3988 21
0.3989 10
0.399 6
0.3991 23
0.3994 22
0.3997 13
0.3998 3
0.3999 9
0.4 14
0.4 16
0.4001 27
0.4002 1
0.4003 17
0.4005 8
0.4009 12
0.401 7
0.4011 18
0.4012 0
0.4012 26
0.4014 20
0.4015 29
0.4018 25
0.4021 2
0.4025 15
0.4026 21
0.4027 16
0.4027 19
0.403 9
0.403 14
0.4032 3
0.4035 27
0.4036 22
0.4036 24
0.4038 1
0.4042 6
0.4044 23
0.4047 8
0.4048 7
0.4049 20
0.4049 26
0.405 12
0.4054 16
0.4055 29
0.4057 13
0.4058 0
0.406 9
0.406 14
0.4061 17
0.4064 18
0.4065 11
0.4065 15
0.4065 21
0.4066 3
0.4068 2
0.4068 19
0.4069 27
0.4074 1
0.4077 22
0.4081 16
0.4084 20
0.4085 26
0.4086 7
0.4089 8
0.409 14
0.4091 9
0.4091 12
0.4093 6
0.4093 24
0.4094 29
0.4097 23
0.41 3
0.4103 21
0.4103 27
0.4104 0
0.4105 15
0.4108 16
0.4109 19
0.411 1
0.4112 25
0.4113 28
0.4116 2
0.4116 13
0.4118 18
0.4119 22
0.412 10
0.412 14
0.412 20
0.4121 17
0.4122 9
0.4122 26
0.4125 7
0.4132 8
0.4132 12
0.4133 29
0.4134 3
0.4135 16
0.4137 27
0.414 21
0.4144 11
0.4144 15
0.4145 6
0.4146 1
0.4149 19
0.415 0
0.415 14
0.415 23
0.415 24
0.4152 9
0.4156 20
0.4159 26
0.416 22
0.4162 16
0.4163 2
0.4164 7
0.4168 3
0.4171 27
0.4172 18
0.4173 29
0.4174 12
0.4175 8
0.4175 13
0.4178 21
0.4179 17
0.418 14
0.4182 1
0.4183 9
0.4184 15
0.4189 16
0.4189 19
0.4192 20
0.4196 0
0.4196 26
0.4197 6
0.4202 3
0.4202 22
0.4203 7
0.4203 23
0.4205 27
0.4206 25
0.4207 24
0.421 2
0.421 14
0.4212 29
0.4214 9
0.4216 12
0.4216 16
0.4217 21
0.4218 1
0.4218 8
0.4223 11
0.4225 18
0.4226 15
0.4227 20
0.423 19
0.4233 13
0.4233 26
0.4236 3
0.4238 17
0.4239 27
0.424 14
0.4241 7
0.4242 0
0.4243 16
0.4244 22
0.4245 9
0.4248 10
0.425 6
0.4252 29
0.4254 1
0.4255 21
0.4257 2
0.4257 23
0.4258 12
0.4261 8
0.4263 20
0.4265 24
0.4266 15
0.427 3
0.427 14
0.427 16
0.427 26
0.4271 19
0.4273 27
0.4275 9
0.4278 18
0.4279 7
0.428 28
0.4286 22
0.4287 0
0.4289 1
0.4292 13
0.4292 29
0.4293 21
0.4294 17
0.4297 16
0.4299 20
0.43 12
0.43 14
0.43 25
0.4303 2
0.4304 6
0.4304 11
0.4305 3
0.4305 8
0.4306 9
0.4306 15
0.4307 27
0.4308 26
0.4311 19
0.4311 23
0.4317 7
0.4322 24
0.4324 1
0.4324 16
0.4327 22
0.433 14
0.4332 0
0.4332 18
0.4332 21
0.4332 29
0.4335 20
0.4337 9
0.434 3
0.4341 27
0.4342 12
0.4345 26
0.4347 15
0.4349 8
0.435 2
0.4351 16
0.4352 13
0.4352 19
0.4353 17
0.4356 7
0.4358 6
0.436 14
0.4361 1
0.4364 23
0.4368 9
0.4369 22
0.437 20
0.4371 21
0.4372 29
0.4374 3
0.4375 27
0.4377 0
0.4378 16
0.4379 24
0.438 10
0.4382 26
0.4384 12
0.4385 11
0.4386 18
0.4388 15
0.439 14
0.4393 8
0.4393 19
0.4393 25
0.4395 7
0.4397 1
0.4398 2
0.4399 9
0.4405 16
0.4406 20
0.4408 3
0.4409 21
0.4409 27
0.441 17
0.4412 6
0.4412 13
0.4412 22
0.4412 29
0.4417 23
0.4418 26
0.442 14
0.4423 0
0.4426 12
0.4428 15
0.443 9
0.4432 16
0.4433 1
0.4433 7
0.4434 19
0.4436 8
0.4437 24
0.4439 18
0.4442 3
0.4442 20
0.4443 27
0.4446 2
0.4446 28
0.4447 21
0.445 14
0.4452 29
0.4454 22
0.4455 26
0.4459 16
0.4461 9
0.4465 11
0.4466 6
0.4469 0
0.4469 12
0.4469 15
0.4469 17
0.447 1
0.447 23
0.4471 7
0.4473 13
0.4474 19
0.4476 3
0.4477 27
0.4478 20
0.448 8
0.448 14
0.4486 16
0.4486 21
0.4486 25
0.4491 9
0.4491 29
0.4492 18
0.4492 26
0.4494 2
0.4495 22
0.4495 24
0.4507 1
0.4509 7
0.4509 10
0.451 14
0.451 15
0.4511 3
0.4512 12
0.4512 27
0.4513 16
0.4514 19
0.4514 20
0.4515 0
0.4519 6
0.4522 9
0.4523 8
0.4524 21
0.4524 23
0.4527 17
0.4529 26
0.4531 29
0.4533 13
0.4536 22
0.454 14
0.454 16
0.4542 2
0.4543 1
0.4545 18
0.4546 3
0.4546 27
0.4547 7
0.4547 11
0.455 20
0.4551 15
0.4553 9
0.4554 12
0.4554 19
0.4554 24
0.4562 0
0.4562 21
0.4565 26
0.4566 8
0.4567 16
0.457 14
0.457 29
0.4572 6
0.4577 23
0.4579 1
0.4579 22
0.458 27
0.4581 3
0.4581 25
0.4584 9
0.4584 17
0.4585 7
0.4586 20
0.459 2
0.4593 13
0.4593 15
0.4594 16
0.4595 19
0.4596 12
0.4599 18
0.46 14
0.46 21
0.4602 26
0.4608 28
0.4609 0
0.4609 8
0.4609 29
0.4612 24
0.4614 27
0.4615 3
0.4615 9
0.4616 1
0.4621 16
0.4621 22
0.4622 20
0.4623 7
0.4625 6
0.4629 11
0.463 14
0.4631 23
0.4634 15
0.4636 19
0.4637 2
0.4638 12
0.4638 21
0.4639 26
0.4641 10
0.4644 17
0.4646 9
0.4648 16
0.4648 27
0.4649 3
0.4649 29
0.4652 1
0.4652 8
0.4653 13
0.4653 18
0.4656 0
0.4658 20
0.466 14
0.4662 7
0.4663 22
0.467 24
0.4673 15
0.4675 16
0.4676 19
0.4676 21
0.4677 9
0.4677 25
0.4677 26
0.4678 6
0.468 12
0.4682 27
0.4683 3
0.4684 2
0.4685 23
0.4688 1
0.4689 29
0.469 14
0.4693 20
0.4695 8
0.4701 7
0.4701 17
0.4702 16
0.4703 0
0.4705 22
0.4707 18
0.4708 9
0.471 11
0.4713 13
0.4714 15
0.4714 26
0.4715 21
0.4716 19
0.4717 3
0.4717 27
0.472 14
0.4722 12
0.4724 1
0.4728 24
0.4729 16
0.4729 20
0.4729 29
0.4731 2
0.4731 6
0.4738 8
0.4739 9
0.4739 23
0.474 7
0.4747 22
0.4749 0
0.475 14
0.4751 3
0.4751 26
0.4751 27
0.4754 21
0.4755 15
0.4756 16
0.4757 19
0.4761 1
0.4761 17
0.4761 18
0.4765 12
0.4765 20
0.4769 29
0.477 9
0.4771 28
0.4772 10
0.4772 25
0.4773 13
0.4778 2
0.4779 7
0.478 14
0.4781 8
0.4783 16
0.4784 6
0.4785 3
0.4786 24
0.4786 27
0.4788 26
0.4789 22
0.4792 11
0.4793 21
0.4793 23
0.4794 15
0.4795 0
0.4797 1
0.4797 19
0.4801 9
0.4801 20
0.4807 12
0.4809 29
0.481 14
0.481 16
0.4815 18
0.4818 7
0.4818 17
0.482 3
0.482 27
0.4824 8
0.4825 2
0.4825 26
0.4831 22
0.4832 9
0.4832 21
0.4833 13
0.4834 1
0.4835 15
0.4837 6
0.4837 16
0.4837 19
0.4837 20
0.484 14
0.4841 0
0.4844 24
0.4846 23
0.4848 29
0.4849 12
0.4854 3
0.4854 27
0.4856 7
0.4863 9
0.4863 26
0.4864 16
0.4867 8
0.4868 25
0.4869 18
0.487 14
0.4871 1
0.4871 21
0.4873 11
0.4874 2
0.4874 20
0.4874 22
0.4876 15
0.4877 17
0.4878 19
0.4887 0
0.4888 3
0.4888 29
0.4889 27
0.489 6
0.4891 12
0.4891 16
0.4894 7
0.4894 9
0.4894 13
0.4899 23
0.49 14
0.49 26
0.4902 24
0.4907 1
0.4909 10
0.491 8
0.491 20
0.491 21
0.4916 22
0.4917 15
0.4918 16
0.492 19
0.4922 2
0.4923 3
0.4923 18
0.4924 27
0.4925 9
0.4928 29
0.493 14
0.4932 7
0.4933 0
0.4933 12
0.4934 17
0.4935 28
0.4937 26
0.4943 1
0.4943 6
0.4945 16
0.4945 20
0.4948 21
0.4953 23
0.4954 8
0.4954 13
0.4955 11
0.4956 9
0.4957 15
0.4958 3
0.4958 22
0.4958 27
0.496 14
0.496 19
0.496 24
0.4963 25
0.4967 29
0.497 2
0.4971 7
0.4972 16
0.4973 26
0.4975 12
0.4977 18
0.4979 0
0.4979 1
0.4981 20
0.4987 9
0.4987 21
0.499 14
0.4992 3
0.4992 17
0.4992 27
0.4997 6
0.4997 15
0.4998 8
0.4999 16
0.5 19
0.5001 22
0.5006 29
0.5007 23
0.5009 7
0.501 26
0.5014 13
0.5015 1
0.5017 12
0.5017 20
0.5018 2
0.5018 9
0.5018 24
0.502 14
0.5026 0
0.5026 3
0.5026 16
0.5026 21
0.5027 27
0.5031 18
0.5037 11
0.5037 15
0.504 19
0.5041 8
0.5043 10
0.5044 22
0.5046 29
0.5047 26
0.5048 7
0.5049 9
0.505 14
0.505 17
0.5051 6
0.5052 1
0.5053 16
0.5053 20
0.5058 25
0.5059 12
0.506 3
0.5061 23
0.5061 27
0.5064 21
0.5065 2
0.5073 0
0.5075 13
0.5076 24
0.5077 15
0.508 9
0.508 14
0.508 16
0.5081 19
0.5084 8
0.5084 26
0.5085 18
0.5086 22
0.5086 29
0.5087 7
0.5088 1
0.5089 20
0.5094 3
0.5095 27
0.5099 28
0.5101 12
0.5102 21
0.5105 6
0.5107 16
0.5107 17
0.511 14
0.5111 9
0.5112 2
0.5115 23
0.5117 15
0.5118 11
0.512 0
0.5121 19
0.5122 26
0.5124 1
0.5125 20
0.5126 7
0.5126 29
0.5128 3
0.5128 8
0.5128 22
0.5129 27
0.5133 24
0.5134 16
0.5135 13
0.5139 18
0.514 14
0.5141 21
0.5142 9
0.5142 12
0.5156 25
0.5157 15
0.5159 6
0.5159 26
0.516 2
0.5161 1
0.5161 20
0.5162 16
0.5162 19
0.5163 3
0.5164 27
0.5165 7
0.5166 17
0.5167 0
0.5167 29
0.517 14
0.517 23
0.5171 8
0.5171 22
0.5173 9
0.518 21
0.5181 10
0.5183 12
0.5189 16
0.5191 24
0.5193 18
0.5195 13
0.5197 1
0.5197 20
0.5197 26
0.5198 3
0.5198 15
0.5199 27
0.52 11
0.52 14
0.5203 19
0.5204 7
0.5204 9
0.5207 29
0.5208 2
0.5213 6
0.5214 8
0.5214 22
0.5215 0
0.5216 16
0.5218 21
0.5221 17
0.5224 23
0.5225 12
0.523 14
0.5233 1
0.5233 3
0.5233 20
0.5233 27
0.5234 26
0.5235 9
0.5239 15
0.5242 7
0.5243 16
0.5244 19
0.5247 18
0.5247 29
0.5248 24
0.5253 25
0.5255 13
0.5256 2
0.5256 22
0.5257 8
0.5257 21
0.526 14
0.5262 0
0.5263 28
0.5266 6
0.5266 9
0.5267 3
0.5267 12
0.5268 27
0.5269 20
0.527 1
0.527 16
0.5272 26
0.5278 23
0.5279 15
0.5279 17
0.528 7
0.5282 11
0.5285 19
0.5287 29
0.529 14
0.5296 21
0.5297 9
0.5297 16
0.5298 22
0.53 8
0.5301 18
0.5302 3
0.5302 27
0.5305 2
0.5305 20
0.5305 24
0.5307 1
0.5308 26
0.5309 0
0.5309 12
0.5315 10
0.5316 13
0.5318 7
0.5319 6
0.532 14
0.532 15
0.5324 16
0.5325 19
0.5327 29
0.5328 9
0.5331 23
0.5335 21
0.5336 3
0.5336 17
0.5336 27
0.534 22
0.5341 20
0.5342 1
0.5343 8
0.5345 26
0.5351 12
0.5351 14
0.5351 16
0.5352 25
0.5353 2
0.5355 18
0.5356 0
0.5357 7
0.5359 9
0.536 15
0.5363 11
0.5363 24
0.5365 19
0.5367 29
0.537 3
0.5371 27
0.5372 6
0.5373 21
0.5377 13
0.5377 20
0.5378 1
0.5378 16
0.5381 14
0.5381 26
0.5382 22
0.5385 23
0.5386 8
0.539 9
0.5393 12
0.5394 17
0.5396 7
0.54 15
0.5401 2
0.5403 0
0.5404 3
0.5405 16
0.5406 19
0.5406 27
0.5407 29
0.5409 18
0.5411 14
0.5412 21
0.5413 20
0.5415 1
0.5418 26
0.542 24
0.5421 9
0.5424 6
0.5424 22
0.5426 28
0.5429 8
0.5432 16
0.5435 7
0.5435 12
0.5438 13
0.5439 3
0.5439 23
0.5441 14
0.5441 27
0.5442 15
0.5445 11
0.5447 19
0.5448 29
0.5449 2
0.545 0
0.545 20
0.5451 21
0.5452 1
0.5452 9
0.5453 10
0.5453 25
0.5454 17
0.5455 26
0.5459 16
0.5463 18
0.5466 22
0.5471 14
0.5473 8
0.5474 3
0.5474 7
0.5475 27
0.5477 6
0.5477 12
0.5478 24
0.5482 15
0.5483 9
0.5486 16
0.5486 20
0.5487 19
0.5488 1
0.5488 29
0.5489 21
0.5492 26
0.5493 23
0.5496 2
0.5497 0
0.5499 13
0.5501 14
0.5508 3
0.5508 22
0.5509 27
0.5512 17
0.5513 7
0.5513 16
0.5514 9
0.5517 8
0.5517 18
0.5519 12
0.5522 20
0.5523 15
0.5525 1
0.5527 11
0.5527 19
0.5527 21
0.5528 29
0.5529 26
0.553 6
0.5531 14
0.5536 24
0.554 16
0.5543 2
0.5543 3
0.5543 27
0.5544 0
0.5545 9
0.5547 23
0.5549 22
0.5552 7
0.5552 25
0.5558 20
0.5559 13
0.5561 8
0.5561 14
0.5562 1
0.5562 12
0.5565 15
0.5565 21
0.5566 26
0.5567 16
0.5568 19
0.5569 29
0.5571 18
0.5573 17
0.5576 9
0.5577 3
0.5577 27
0.5584 6
0.5586 10
0.5589 28
0.559 2
0.5591 0
0.5591 7
0.5591 14
0.5591 22
0.5594 16
0.5594 20
0.5595 24
0.5598 1
0.5602 23
0.5604 21
0.5604 26
0.5605 8
0.5605 12
0.5606 15
0.5607 9
0.5608 19
0.5609 29
0.561 11
0.5612 3
0.5612 27
0.5619 13
0.5621 14
0.5621 16
0.5625 18
0.563 7
0.563 20
0.5631 17
0.5634 22
0.5635 1
0.5638 0
0.5638 2
0.5639 6
0.5639 9
0.5641 26
0.5643 21
0.5646 3
0.5646 15
0.5646 27
0.5648 12
0.5648 16
0.5648 19
0.5648 29
0.5649 8
0.5651 14
0.5651 25
0.5654 24
0.5656 23
0.5666 20
0.5668 7
0.567 9
0.5672 1
0.5676 16
0.5676 22
0.5679 13
0.5679 18
0.5679 26
0.5681 3
0.5681 14
0.5681 27
0.5682 21
0.5685 0
0.5686 2
0.5687 15
0.5688 29
0.569 19
0.5691 12
0.5692 11
0.5692 17
0.5693 8
0.5694 6
0.5701 9
0.5702 20
0.5703 16
0.5706 7
0.5708 1
0.571 23
0.5711 14
0.5713 24
0.5715 3
0.5715 26
0.5715 27
0.5718 22
0.5721 21
0.5724 10
0.5728 29
0.5729 15
0.573 16
0.5732 9
0.5732 19
0.5733 0
0.5733 18
0.5734 2
0.5734 12
0.5736 8
0.5738 20
0.5741 13
0.5741 14
0.5744 1
0.5745 7
0.5748 6
0.5749 3
0.5749 25
0.5749 27
0.575 17
0.5752 26
0.5752 28
0.5757 16
0.576 21
0.576 22
0.5763 9
0.5763 23
0.5768 29
0.5769 15
0.5771 14
0.5772 19
0.5772 24
0.5774 11
0.5774 20
0.5777 12
0.578 1
0.578 8
0.5781 0
0.5783 2
0.5784 3
0.5784 7
0.5784 16
0.5784 27
0.5787 18
0.5789 26
0.5794 9
0.5799 21
0.5801 14
0.5802 6
0.5803 13
0.5803 22
0.5809 29
0.581 15
0.581 17
0.581 20
0.5811 16
0.5813 19
0.5816 1
0.5817 23
0.5818 27
0.5819 3
0.582 12
0.5823 7
0.5824 8
0.5825 9
0.5826 26
0.5829 0
0.5831 2
0.5831 14
0.5831 24
0.5838 16
0.5838 21
0.5841 18
0.5845 22
0.5846 20
0.5848 25
0.5849 29
0.5852 15
0.5853 19
0.5853 27
0.5854 1
0.5854 3
0.5856 6
0.5857 9
0.5857 11
0.5859 10
0.5862 7
0.5862 12
0.5862 14
0.5863 26
0.5865 13
0.5865 16
0.5868 8
0.587 17
0.5872 23
0.5876 21
0.5877 0
0.5879 2
0.5882 20
0.5887 22
0.5887 27
0.5888 9
0.5889 3
0.5889 29
0.589 1
0.589 24
0.5892 14
0.5892 15
0.5892 16
0.5894 19
0.5895 18
0.59 7
0.59 26
0.5904 12
0.5909 6
0.5911 8
0.5914 21
0.5916 28
0.5918 20
0.5919 9
0.592 16
0.5922 14
0.5922 27
0.5924 0
0.5924 3
0.5926 1
0.5927 2
0.5927 13
0.5927 23
0.5929 17
0.5929 29
0.593 22
0.5933 15
0.5935 19
0.5938 7
0.5938 26
0.594 11
0.5946 12
0.5947 16
0.5947 25
0.5949 18
0.5949 24
0.595 9
0.5952 14
0.5953 21
0.5954 20
0.5955 8
0.5956 27
0.5958 3
0.5962 6
0.5963 1
0.5969 29
0.5971 0
0.5973 22
0.5974 2
0.5974 15
0.5974 16
0.5976 19
0.5976 26
0.5977 7
0.5981 9
0.5981 23
0.5982 14
0.5988 12
0.5988 13
0.599 20
0.599 27
0.5991 17
0.5991 21
0.5992 3
0.5996 10
0.5998 8
0.5999 1
0.6001 16
0.6003 18
0.6008 24
0.6008 29
0.6012 9
0.6012 14
0.6013 15
0.6014 26
0.6016 6
0.6016 7
0.6016 22
0.6017 19
0.6018 0
0.6021 2
0.6022 11
0.6025 27
0.6026 3
0.6026 20
0.6028 16
0.6029 21
0.603 12
0.6034 1
0.6035 23
0.6041 8
0.6042 14
0.6043 9
0.6044 25
0.6048 13
0.6048 29
0.605 17
0.6051 26
0.6054 15
0.6055 7
0.6055 16
0.6057 18
0.6059 19
0.606 3
0.606 22
0.606 27
0.6062 20
0.6065 0
0.6067 24
0.6068 21
0.6069 2
0.607 6
0.6071 1
0.6072 12
0.6072 14
0.6074 9
0.6082 16
0.6083 28
0.6084 8
0.6088 26
0.6088 29
0.6089 23
0.6093 7
0.6095 3
0.6095 15
0.6095 27
0.6098 20
0.61 19
0.6102 14
0.6103 11
0.6103 22
0.6105 9
0.6108 1
0.6108 21
0.6109 13
0.611 16
0.6111 18
0.6112 0
0.6112 17
0.6115 12
0.6117 2
0.6124 26
0.6125 6
0.6127 24
0.6128 8
0.6128 29
0.6129 3
0.6129 10
0.6129 27
0.6132 7
0.6132 14
0.6134 20
0.6135 15
0.6136 9
0.6137 16
0.614 19
0.6143 23
0.6143 25
0.6144 1
0.6145 22
0.6147 21
0.6157 12
0.6159 0
0.6161 26
0.6163 14
0.6164 3
0.6164 27
0.6165 2
0.6165 16
0.6166 18
0.6167 9
0.6169 29
0.617 13
0.617 20
0.6171 7
0.6171 17
0.6172 8
0.6176 15
0.6179 6
0.618 19
0.6181 1
0.6184 11
0.6185 21
0.6186 24
0.6187 22
0.6192 16
0.6193 14
0.6196 23
0.6198 9
0.6198 26
0.6198 27
0.6199 3
0.6199 12
0.6206 0
0.6206 20
0.621 7
0.621 29
0.6213 2
0.6216 8
0.6217 1
0.6217 15
0.6219 16
0.6221 18
0.6222 19
0.6223 14
0.6224 21
0.6229 9
0.6231 22
0.6232 13
0.6232 17
0.6233 3
0.6233 27
0.6234 6
0.6235 26
0.6241 12
0.6241 20
0.6241 25
0.6246 16
0.6246 24
0.6249 7
0.6249 23
0.625 29
0.6251 28
0.6253 0
0.6253 1
0.6253 14
0.6258 15
0.626 8
0.626 9
0.6261 2
0.6263 19
0.6263 21
0.6266 11
0.6267 3
0.6268 10
0.6268 27
0.6272 26
0.6273 16
0.6274 22
0.6275 18
0.6276 20
0.6283 12
0.6283 14
0.6287 7
0.6288 6
0.6289 1
0.6291 9
0.6291 17
0.6291 29
0.6294 13
0.6298 15
0.63 0
0.63 16
0.6301 21
0.6302 3
0.6303 27
0.6304 8
0.6304 19
0.6304 23
0.6305 24
0.6308 2
0.6309 26
0.6312 20
0.6313 14
0.6316 22
0.6322 9
0.6325 1
0.6325 7
0.6325 12
0.6327 16
0.6329 18
0.6331 29
0.6336 3
0.6338 27
0.6339 15
0.6339 21
0.6339 25
0.6342 6
0.6343 14
0.6345 19
0.6347 0
0.6347 11
0.6347 26
0.6348 8
0.6349 20
0.635 17
0.6353 9
0.6354 16
0.6355 2
0.6356 13
0.6358 22
0.6359 23
0.6361 1
0.6363 7
0.6364 24
0.6367 12
0.637 3
0.637 29
0.6372 27
0.6373 14
0.6377 21
0.638 15
0.6381 16
0.6383 18
0.6384 9
0.6385 20
0.6385 26
0.6386 19
0.6391 8
0.6394 0
0.6396 6
0.6398 1
0.6401 22
0.6402 10
0.6403 2
0.6403 7
0.6403 14
0.6405 3
0.6406 27
0.6408 16
0.6409 12
0.641 17
0.6411 29
0.6413 23
0.6415 9
0.6416 21
0.6417 13
0.6421 15
0.6421 20
0.6423 26
0.6424 24
0.6426 19
0.6428 11
0.6428 28
0.6433 14
0.6434 1
0.6435 8
0.6435 16
0.6437 18
0.6438 25
0.644 3
0.644 27
0.6441 0
0.6442 7
0.6444 22
0.6446 9
0.645 6
0.6451 2
0.6451 12
0.6452 29
0.6454 21
0.6457 20
0.646 26
0.6462 15
0.6462 16
0.6463 14
0.6467 19
0.6467 23
0.6468 17
0.647 1
0.6475 3
0.6475 27
0.6477 9
0.6477 13
0.6479 8
0.6481 7
0.6483 24
0.6486 22
0.6488 0
0.6489 16
0.6491 18
0.6492 29
0.6493 12
0.6493 14
0.6493 20
0.6493 21
0.6497 26
0.6499 2
0.6503 6
0.6503 15
0.6507 1
0.6507 19
0.6508 9
0.651 3
0.651 27
0.6511 11
0.6516 16
0.652 7
0.6521 23
0.6522 8
0.6523 14
0.6528 17
0.6528 22
0.6529 20
0.6532 21
0.6533 26
0.6533 29
0.6535 0
0.6535 12
0.6538 13
0.6538 25
0.6539 9
0.6539 10
0.6542 24
0.6543 16
0.6544 1
0.6545 3
0.6545 15
0.6545 18
0.6545 27
0.6548 2
0.6548 19
0.6553 14
0.6557 6
0.6559 7
0.6564 20
0.6565 8
0.657 9
0.657 16
0.657 22
0.6571 21
0.6571 26
0.6573 29
0.6575 23
0.6577 12
0.658 1
0.658 3
0.658 27
0.6581 0
0.6583 14
0.6585 15
0.6585 17
0.6589 19
0.6594 11
0.6596 2
0.6597 16
0.6598 7
0.6598 13
0.6599 18
0.66 20
0.6601 9
0.6601 24
0.6602 28
0.6608 8
0.6608 26
0.661 6
0.661 21
0.6612 22
0.6613 14
0.6613 29
0.6614 3
0.6614 27
0.6616 1
0.6619 12
0.6624 16
0.6625 15
0.6627 0
0.6629 23
0.663 19
0.6631 9
0.6636 7
0.6636 20
0.6636 25
0.6643 14
0.6644 2
0.6644 17
0.6645 26
0.6648 3
0.6648 27
0.6649 21
0.6651 8
0.6651 16
0.6652 1
0.6653 18
0.6653 29
0.6655 22
0.6659 13
0.666 24
0.6661 12
0.6662 9
0.6663 6
0.6667 15
0.667 19
0.6672 20
0.6673 0
0.6673 14
0.6674 7
0.6674 10
0.6676 11
0.6678 16
0.6682 3
0.6682 26
0.6682 27
0.6683 23
0.6687 1
0.6688 21
0.6692 2
0.6693 9
0.6693 29
0.6694 8
0.6697 22
0.6702 17
0.6703 12
0.6703 14
0.6705 16
0.6707 18
0.6708 15
0.6708 20
0.6711 19
0.6712 7
0.6716 6
0.6717 3
0.6717 27
0.6719 0
0.6719 24
0.6719 26
0.672 13
0.6723 1
0.6724 9
0.6726 21
0.6731 25
0.6732 16
0.6732 29
0.6733 14
0.6737 8
0.6738 22
0.6738 23
0.6739 2
0.6744 20
0.6745 12
0.6749 15
0.675 7
0.6752 3
0.6752 19
0.6752 27
0.6755 9
0.6757 26
0.6759 1
0.6759 11
0.676 16
0.6761 17
0.6761 18
0.6763 14
0.6765 0
0.6765 21
0.6769 6
0.6771 28
0.6772 29
0.6778 24
0.678 8
0.678 20
0.678 22
0.6781 13
0.6786 2
0.6786 9
0.6786 27
0.6787 12
0.6787 16
0.6788 3
0.6789 7
0.679 15
0.6792 23
0.6793 14
0.6793 19
0.6794 26
0.6795 1
0.6803 21
0.6811 0
0.6812 10
0.6812 29
0.6815 16
0.6816 18
0.6816 20
0.6817 9
0.6821 17
0.6821 27
0.6823 3
0.6823 6
0.6823 14
0.6824 8
0.6824 22
0.6827 25
0.6828 7
0.683 12
0.6831 1
0.6831 15
0.6831 26
0.6834 2
0.6834 19
0.6837 24
0.6841 11
0.6841 13
0.6841 21
0.6842 16
0.6846 23
0.6848 9
0.6852 20
0.6852 29
0.6853 14
0.6855 27
0.6857 0
0.6857 3
0.6867 1
0.6867 7
0.6867 22
0.6868 8
0.6868 26
0.6869 16
0.687 18
0.6872 15
0.6873 12
0.6876 19
0.6878 6
0.6879 9
0.6879 17
0.688 21
0.6882 2
0.6883 14
0.6888 20
0.6889 27
0.6891 3
0.6892 29
0.6896 16
0.6896 24
0.6899 23
0.6902 13
0.6903 0
0.6903 1
0.6905 26
0.6906 7
0.6909 22
0.691 9
0.6912 8
0.6913 14
0.6913 15
0.6915 12
0.6917 19
0.6919 21
0.6921 25
0.6923 16
0.6924 11
0.6924 18
0.6924 20
0.6924 27
0.6925 3
0.693 2
0.6932 29
0.6933 6
0.6939 17
0.694 1
0.6941 9
0.6942 26
0.6942 28
0.6943 14
0.6945 7
0.6946 10
0.695 0
0.695 16
0.6951 22
0.6953 23
0.6954 15
0.6956 8
0.6956 24
0.6957 19
0.6958 12
0.6958 21
0.6959 27
0.696 3
0.696 20
0.6963 13
0.6972 9
0.6972 29
0.6973 14
0.6976 1
0.6977 16
0.6978 18
0.6979 2
0.6979 26
0.6984 7
0.6987 6
0.6994 3
0.6994 15
0.6994 27
0.6995 17
0.6995 22
0.6996 20
0.6997 0
0.6997 19
0.6997 21
0.7 8
0.7 12
0.7003 9
0.7003 14
0.7004 16
0.7006 11
0.7007 23
0.7011 29
0.7012 1
0.7015 24
0.7016 26
0.7017 25
0.7022 7
0.7023 13
0.7027 2
0.7029 3
0.7029 27
0.7031 16
0.7033 14
0.7033 18
0.7033 20
0.7034 9
0.7036 15
0.7037 21
0.7038 19
0.7039 22
0.7041 6
0.7042 12
0.7044 0
0.7044 8
0.7048 1
0.7051 29
0.7053 26
0.7054 17
0.7058 16
0.706 7
0.7061 23
0.7063 14
0.7063 27
0.7064 3
0.7065 9
0.7069 20
0.7074 2
0.7074 24
0.7076 21
0.7078 15
0.7079 19
0.7081 22
0.7083 13
0.7085 1
0.7085 12
0.7086 16
0.7087 8
0.7087 18
0.7088 10
0.7088 11
0.7091 0
0.7091 26
0.7091 29
0.7093 14
0.7094 6
0.7096 9
0.7097 27
0.7098 3
0.7098 7
0.7105 20
0.711 28
0.7111 17
0.7113 16
0.7113 25
0.7114 21
0.7115 23
0.7118 15
0.712 19
0.7121 1
0.7122 2
0.7123 14
0.7123 22
0.7127 9
0.7128 12
0.7128 26
0.713 29
0.7131 8
0.7132 27
0.7133 3
0.7133 24
0.7136 7
0.7138 0
0.714 16
0.714 20
0.7141 18
0.7145 13
0.7147 6
0.7152 21
0.7153 14
0.7157 1
0.7158 9
0.7158 15
0.7161 19
0.7166 22
0.7166 26
0.7166 27
0.7167 16
0.7168 3
0.7169 2
0.717 11
0.717 12
0.717 17
0.717 23
0.717 29
0.7174 8
0.7175 7
0.7176 20
0.7183 14
0.7185 0
0.7189 9
0.7191 21
0.7192 24
0.7194 1
0.7194 16
0.7195 18
0.7199 6
0.72 15
0.7201 27
0.7202 19
0.7203 3
0.7203 26
0.7206 13
0.7209 22
0.7209 25
0.721 29
0.7212 12
0.7212 20
0.7213 14
0.7215 7
0.7216 2
0.7217 8
0.722 9
0.7221 16
0.7224 10
0.7225 23
0.7229 21
0.723 1
0.723 17
0.7232 0
0.7236 27
0.7237 3
0.724 15
0.724 26
0.7243 19
0.7244 14
0.7248 16
0.7248 20
0.7249 18
0.725 29
0.7251 9
0.7251 22
0.7251 24
0.7252 6
0.7252 11
0.7254 7
0.7254 12
0.726 8
0.7264 2
0.7265 1
0.7267 13
0.7267 21
0.727 27
0.7271 3
0.7274 14
0.7275 16
0.7277 26
0.7278 0
0.7279 23
0.728 15
0.7281 9
0.7284 19
0.7284 20
0.7285 28
0.7287 17
0.729 29
0.7293 7
0.7294 22
0.7296 12
0.7301 1
0.7302 16
0.7304 8
0.7304 14
0.7304 18
0.7305 25
0.7305 27
0.7306 3
0.7306 6
0.7306 21
0.7309 24
0.7312 2
0.7312 9
0.7314 26
0.732 20
0.7321 15
0.7324 0
0.7324 19
0.7328 13
0.7329 16
0.733 29
0.7331 7
0.7332 23
0.7333 11
0.7334 14
0.7336 22
0.7337 1
0.7338 12
0.7339 27
0.734 3
0.7343 9
0.7345 21
0.7347 8
0.7347 17
0.7351 26
0.7356 16
0.7356 20
0.7358 18
0.736 2
0.7361 6
0.7361 10
0.7362 15
0.7364 14
0.7365 19
0.7368 24
0.737 0
0.737 7
0.737 29
0.7373 1
0.7373 27
0.7374 9
0.7375 3
0.7378 22
0.738 12
0.7383 16
0.7383 21
0.7386 23
0.7388 13
0.7388 26
0.739 8
0.7392 20
0.7394 14
0.7399 25
0.7402 15
0.7404 17
0.7405 9
0.7407 19
0.7408 27
0.7409 1
0.7409 2
0.7409 7
0.741 3
0.741 16
0.741 29
0.7412 18
0.7415 6
0.7415 11
0.7417 0
0.742 22
0.7422 12
0.7422 21
0.7424 14
0.7424 26
0.7426 24
0.7428 20
0.7433 8
0.7436 9
0.7437 16
0.744 23
0.7442 27
0.7443 15
0.7445 1
0.7445 3
0.7447 7
0.7448 13
0.7448 19
0.745 29
0.7454 14
0.7457 2
0.746 28
0.7461 21
0.7461 26
0.7463 22
0.7464 0
0.7464 12
0.7464 16
0.7464 20
0.7465 17
0.7466 18
0.7467 9
0.747 6
0.7476 27
0.7477 8
0.7479 3
0.7481 1
0.7483 15
0.7484 14
0.7485 7
0.7485 24
0.7488 19
0.749 29
0.7491 16
0.7494 23
0.7494 25
0.7496 11
0.7498 9
0.7498 10
0.7499 26
0.75 20
0.75 21
0.7504 2
0.7505 22
0.7506 12
0.7509 13
0.7511 0
0.7511 27
0.7513 3
0.7514 14
0.7517 1
0.7518 16
0.752 18
0.7521 8
0.7523 7
0.7523 15
0.7524 6
0.7524 17
0.7529 9
0.7529 19
0.753 29
0.7536 20
0.7536 26
0.7538 21
0.7543 24
0.7544 14
0.7545 16
0.7545 27
0.7546 22
0.7547 3
0.7548 12
0.7548 23
0.7551 2
0.7553 1
0.7558 0
0.756 9
0.7561 7
0.7564 15
0.7565 8
0.757 13
0.757 19
0.7571 29
0.7572 16
0.7572 20
0.7574 14
0.7574 18
0.7574 26
0.7576 11
0.7577 21
0.7578 6
0.758 27
0.7581 3
0.7583 17
0.7589 1
0.7589 22
0.759 12
0.759 25
0.7591 9
0.7598 2
0.7599 16
0.76 7
0.7602 23
0.7602 24
0.7604 14
0.7605 0
0.7605 15
0.7608 20
0.7609 8
0.761 19
0.7611 26
0.7611 29
0.7615 3
0.7615 21
0.7615 27
0.7622 9
0.7626 1
0.7626 16
0.7628 18
0.7632 6
0.7632 12
0.7632 13
0.7632 22
0.7633 28
0.7634 10
0.7634 14
0.7639 7
0.7643 17
0.7644 20
0.7645 2
0.7645 15
0.7649 3
0.7649 26
0.765 27
0.7651 19
0.7651 29
0.7652 0
0.7653 8
0.7653 9
0.7653 16
0.7653 21
0.7656 23
0.7657 11
0.7661 24
0.7662 1
0.7664 14
0.7674 12
0.7674 22
0.7678 7
0.768 16
0.768 20
0.7682 18
0.7684 3
0.7684 9
0.7685 6
0.7685 27
0.7686 15
0.7686 26
0.7687 25
0.7691 21
0.7691 29
0.7692 19
0.7693 2
0.7693 13
0.7694 14
0.7697 8
0.7698 1
0.77 0
0.7701 17
0.7707 16
0.771 23
0.7715 9
0.7716 7
0.7716 12
0.7716 20
0.7716 22
0.7719 3
0.7719 27
0.772 24
0.7723 26
0.7724 14
0.7727 15
0.773 21
0.7731 29
0.7733 19
0.7735 1
0.7735 16
0.7736 18
0.7738 6
0.7738 11
0.774 8
0.7741 2
0.7746 9
0.7747 0
0.7752 20
0.7753 27
0.7754 3
0.7754 13
0.7754 14
0.7755 7
0.7757 12
0.7758 22
0.776 26
0.7762 16
0.7762 17
0.7763 23
0.7768 15
0.7768 21
0.7769 10
0.7771 29
0.7772 1
0.7774 19
0.7777 9
0.7779 24
0.7784 8
0.7784 14
0.7784 25
0.7788 20
0.7788 27
0.7789 2
0.7789 3
0.7789 16
0.779 18
0.7792 6
0.7794 0
0.7794 7
0.7797 26
0.7799 12
0.78 22
0.7803 28
0.7807 21
0.7808 1
0.7808 9
0.7808 15
0.7811 29
0.7814 13
0.7814 14
0.7815 19
0.7816 16
0.7817 23
0.7819 17
0.782 11
0.7823 3
0.7823 27
0.7824 20
0.7827 8
0.7833 7
0.7833 26
0.7837 2
0.7837 24
0.7839 9
0.7841 0
0.7841 12
0.7842 22
0.7843 16
0.7844 14
0.7845 1
0.7845 18
0.7846 6
0.7846 21
0.7849 15
0.7851 29
0.7855 19
0.7857 3
0.7857 27
0.786 20
0.787 8
0.787 9
0.787 26
0.7871 16
0.7871 23
0.7872 7
0.7874 13
0.7875 14
0.7879 17
0.7881 1
0.7883 12
0.7884 25
0.7885 2
0.7885 21
0.7885 22
0.7888 0
0.789 15
0.7891 3
0.7891 29
0.7892 27
0.7896 19
0.7896 20
0.7896 24
0.7898 16
0.79 6
0.79 18
0.7901 9
0.7901 11
0.7905 10
0.7905 14
0.7907 26
0.7911 7
0.7913 8
0.7916 1
0.7923 21
0.7925 12
0.7925 16
0.7925 23
0.7926 3
0.7926 27
0.7928 22
0.7931 15
0.7932 2
0.7932 9
0.7932 29
0.7933 20
0.7935 0
0.7935 13
0.7935 14
0.7937 17
0.7938 19
0.7944 26
0.7949 7
0.7952 1
0.7952 16
0.7953 6
0.7954 18
0.7955 24
0.7956 8
0.796 3
0.796 27
0.7962 21
0.7963 9
0.7965 14
0.7967 12
0.7969 20
0.797 22
0.7972 15
0.7972 29
0.7977 28
0.7979 2
0.7979 19
0.7979 23
0.798 16
0.7982 0
0.7982 11
0.7982 26
0.7984 25
0.7987 7
0.7988 1
0.7994 9
0.7994 27
0.7995 3
0.7995 13
0.7995 14
0.7997 17
0.8 8
0.8001 21
0.8005 20
0.8006 6
0.8007 16
0.8008 18
0.8009 12
0.8012 22
0.8012 29
0.8013 15
0.8014 24
0.8019 19
0.8019 26
0.8024 1
0.8025 9
0.8025 14
0.8026 7
0.8027 2
0.8028 27
0.8029 0
0.803 3
0.8033 23
0.8034 16
0.8039 21
0.804 20
0.8042 10
0.8043 8
0.8051 12
0.8052 29
0.8055 14
0.8055 15
0.8055 22
0.8056 9
0.8056 13
0.8057 17
0.8057 26
0.806 1
0.806 6
0.8061 16
0.8061 19
0.8062 18
0.8063 27
0.8064 7
0.8065 3
0.8065 11
0.8073 24
0.8074 2
0.8076 0
0.8076 20
0.8077 21
0.8082 25
0.8085 14
0.8087 8
0.8087 9
0.8087 23
0.8088 16
0.8091 29
0.8094 12
0.8094 26
0.8095 15
0.8096 1
0.8097 27
0.8098 22
0.81 3
0.8102 7
0.8102 19
0.8112 20
0.8115 6
0.8115 14
0.8116 16
0.8116 21
0.8117 17
0.8117 18
0.8118 9
0.8118 13
0.8122 2
0.8123 0
0.813 29
0.8131 8
0.8131 26
0.8131 27
0.8132 1
0.8132 24
0.8134 3
0.8135 15
0.8137 12
0.814 22
0.8141 7
0.8141 23
0.8142 19
0.8143 16
0.8145 14
0.8147 11
0.8148 20
0.8149 9
0.815 28
0.8155 21
0.8166 27
0.8168 26
0.8169 1
0.8169 3
0.817 6
0.817 29
0.8171 0
0.8171 2
0.8171 16
0.8172 18
0.8175 8
0.8176 14
0.8178 15
0.8179 10
0.818 7
0.818 9
0.818 12
0.818 13
0.818 17
0.818 25
0.8183 19
0.8183 22
0.8184 20
0.8192 24
0.8193 21
0.8195 23
0.8198 16
0.82 27
0.8203 3
0.8205 1
0.8205 26
0.8206 14
0.821 29
0.8211 9
0.8219 0
0.8219 2
0.8219 8
0.8219 15
0.822 7
0.822 20
0.8222 12
0.8225 6
0.8225 16
0.8225 19
0.8227 18
0.8227 22
0.8229 11
0.8232 21
0.8234 27
0.8236 14
0.8237 3
0.8239 17
0.8241 1
0.8241 13
0.8242 9
0.8242 26
0.8248 23
0.825 29
0.8252 16
0.8252 24
0.8256 20
0.8259 7
0.826 15
0.8263 8
0.8264 12
0.8266 2
0.8266 14
0.8266 19
0.8267 0
0.8269 27
0.827 22
0.8271 3
0.8272 21
0.8273 9
0.8278 1
0.8279 6
0.8279 16
0.8279 25
0.8279 26
0.8281 18
0.8291 29
0.8292 20
0.8297 14
0.8298 7
0.8301 17
0.8302 13
0.8302 15
0.8302 23
0.8304 9
0.8304 27
0.8306 3
0.8307 8
0.8307 12
0.8307 16
0.8307 19
0.8311 11
0.8311 21
0.8313 22
0.8313 24
0.8314 2
0.8315 0
0.8315 1
0.8316 26
0.8318 10
0.8326 28
0.8327 14
0.8328 20
0.8331 29
0.8332 6
0.8334 16
0.8335 9
0.8336 7
0.8336 18
0.8338 27
0.8341 3
0.8342 15
0.8348 19
0.835 12
0.835 21
0.8351 1
0.8351 8
0.8353 26
0.8356 22
0.8357 14
0.8357 23
0.8359 17
0.8361 2
0.8362 16
0.8363 0
0.8364 13
0.8364 20
0.8366 9
0.8371 29
0.8373 24
0.8373 27
0.8374 7
0.8375 3
0.8379 25
0.8383 15
0.8385 6
0.8388 1
0.8388 14
0.8389 16
0.8389 19
0.8389 21
0.8391 18
0.8391 26
0.8393 11
0.8393 12
0.8395 8
0.8397 9
0.8398 22
0.84 20
0.8407 27
0.8409 2
0.841 3
0.8411 0
0.8412 7
0.8412 23
0.8412 29
0.8416 16
0.8418 14
0.8419 17
0.8425 1
0.8425 13
0.8425 15
0.8428 21
0.8428 26
0.8429 9
0.843 19
0.8433 24
0.8436 12
0.8436 20
0.8438 6
0.8438 8
0.8441 22
0.8441 27
0.8443 16
0.8444 3
0.8446 18
0.8448 14
0.8451 7
0.8452 29
0.8457 2
0.8458 0
0.8458 10
0.846 9
0.8462 1
0.8466 15
0.8466 21
0.8466 26
0.8467 23
0.847 16
0.8471 19
0.8472 20
0.8475 11
0.8476 27
0.8478 3
0.8478 12
0.8478 25
0.8479 14
0.8479 17
0.8482 8
0.8484 22
0.8487 13
0.849 7
0.8491 9
0.8492 6
0.8492 29
0.8493 24
0.8497 16
0.8498 1
0.85 18
0.8503 26
0.8505 0
0.8505 21
0.8506 2
0.8507 15
0.8508 28
0.8509 14
0.8509 20
0.851 27
0.8512 3
0.8512 19
0.852 12
0.8522 9
0.8522 23
0.8524 16
0.8525 8
0.8526 22
0.8529 7
0.8533 29
0.8534 1
0.8538 17
0.8539 14
0.854 26
0.8543 21
0.8545 20
0.8546 6
0.8546 27
0.8547 3
0.8549 13
0.8549 15
0.8552 0
0.8552 16
0.8553 9
0.8553 24
0.8554 18
0.8554 19
0.8555 2
0.8557 11
0.8563 12
0.8567 22
0.8568 8
0.8569 7
0.8569 14
0.857 1
0.8573 29
0.8576 23
0.8577 25
0.8577 26
0.8579 16
0.858 27
0.8581 20
0.8581 21
0.8582 3
0.8584 9
0.859 15
0.8595 10
0.8596 19
0.8599 0
0.8599 17
0.86 14
0.8602 6
0.8603 2
0.8606 1
0.8606 12
0.8606 16
0.8608 18
0.8609 7
0.861 22
0.8611 8
0.8611 13
0.8613 24
0.8614 26
0.8614 27
0.8614 29
0.8615 9
0.8617 3
0.8617 20
0.862 21
0.8629 15
0.863 14
0.863 23
0.8633 16
0.8637 19
0.8639 11
0.8643 1
0.8646 0
0.8647 9
0.8648 7
0.8649 12
0.8649 27
0.8651 2
0.8651 26
0.8652 3
0.8653 20
0.8654 8
0.8654 22
0.8655 29
0.8658 6
0.8658 17
0.8659 21
0.866 14
0.866 16
0.8663 18
0.867 15
0.8673 13
0.8673 24
0.8675 25
0.8677 19
0.8678 9
0.868 1
0.8683 27
0.8684 23
0.8685 28
0.8687 3
0.8687 7
0.8687 16
0.8688 26
0.8689 20
0.869 14
0.8691 12
0.8693 0
0.8696 29
0.8697 22
0.8698 8
0.8698 21
0.8699 2
0.8709 9
0.8711 15
0.8713 6
0.8715 16
0.8717 1
0.8718 18
0.8718 27
0.8719 19
0.872 17
0.8721 14
0.8722 3
0.8722 11
0.8725 20
0.8725 26
0.8726 7
0.8733 10
0.8733 12
0.8733 24
0.8735 13
0.8736 29
0.8737 21
0.8738 23
0.8739 22
0.874 9
0.8741 0
0.8741 8
0.8742 16
0.8746 2
0.8751 14
0.8751 15
0.8752 27
0.8753 1
0.8756 3
0.876 19
0.8761 20
0.8762 26
0.8764 7
0.8767 6
0.8769 16
0.8771 9
0.8773 18
0.8773 25
0.8775 12
0.8776 21
0.8777 29
0.8778 17
0.8781 14
0.8782 22
0.8785 8
0.8787 27
0.8789 0
0.8789 1
0.8791 3
0.8792 15
0.8793 23
0.8793 24
0.8794 2
0.8796 16
0.8797 13
0.8797 20
0.88 19
0.88 26
0.8802 7
0.8802 9
0.8804 11
0.8811 14
0.8815 21
0.8817 12
0.8817 29
0.882 6
0.8821 27
0.8823 16
0.8825 22
0.8826 1
0.8826 3
0.8827 18
0.8829 8
0.8833 9
0.8834 15
0.8834 20
0.8836 0
0.8837 26
0.8838 17
0.8841 7
0.8841 14
0.8842 2
0.8842 19
0.8848 23
0.885 16
0.8853 21
0.8853 24
0.8855 27
0.8857 29
0.8858 13
0.8858 28
0.8859 12
0.8861 3
0.8863 1
0.8864 9
0.8868 22
0.887 20
0.8871 14
0.8872 25
0.8873 6
0.8873 8
0.8873 10
0.8875 26
0.8876 15
0.8877 16
0.888 7
0.8881 18
0.8883 0
0.8884 19
0.8886 11
0.8889 27
0.889 2
0.8892 21
0.8895 9
0.8896 3
0.8896 17
0.8898 29
0.8899 1
0.8901 12
0.8901 14
0.8902 23
0.8904 16
0.8906 20
0.891 22
0.8912 26
0.8913 24
0.8917 8
0.8917 15
0.8919 7
0.8919 13
0.8924 27
0.8925 19
0.8926 6
0.8926 9
0.893 0
0.893 3
0.8931 14
0.8931 16
0.8931 21
0.8935 1
0.8935 18
0.8938 29
0.8939 2
0.8942 20
0.8943 12
0.8949 26
0.8952 22
0.8954 17
0.8956 23
0.8957 9
0.8957 15
0.8958 7
0.8958 16
0.8959 27
0.8961 8
0.8961 14
0.8965 3
0.8965 19
0.8969 11
0.8969 21
0.8972 1
0.8972 24
0.8973 25
0.8977 0
0.8978 20
0.8978 29
0.8979 6
0.8981 13
0.8985 12
0.8985 16
0.8986 26
0.8988 2
0.8988 9
0.8989 18
0.8991 14
0.8992 27
0.8994 22
0.8997 7
0.8998 15
0.9 3
0.9005 8
0.9005 19
0.9007 21
0.9009 1
0.901 10
0.9011 23
0.9012 16
0.9014 17
0.9014 20
0.9018 29
0.9019 9
0.9021 14
0.9023 26
0.9024 0
0.9027 12
0.9027 27
0.903 28
0.9031 24
0.9033 6
0.9035 3
0.9036 2
0.9036 7
0.9037 22
0.9039 15
0.9039 16
0.9042 13
0.9043 18
0.9045 1
0.9046 19
0.9046 21
0.9049 8
0.905 9
0.905 20
0.9051 11
0.9051 14
0.9058 29
0.906 26
0.9061 27
0.9065 23
0.9066 16
0.9069 12
0.907 3
0.9071 0
0.9071 17
0.9075 7
0.9075 25
0.908 15
0.908 22
0.9081 9
0.9081 14
0.9082 1
0.9084 2
0.9085 21
0.9087 6
0.9087 19
0.9087 20
0.909 24
0.9092 8
0.9093 16
0.9095 27
0.9097 18
0.9097 26
0.9097 29
0.9103 13
0.9105 3
0.9111 12
0.9111 14
0.9112 9
0.9114 7
0.9117 0
0.9119 1
0.9119 23
0.912 16
0.9121 15
0.9123 20
0.9123 22
0.9124 21
0.9129 19
0.913 17
0.913 27
0.9132 2
0.9133 11
0.9134 26
0.9135 8
0.9137 29
0.914 3
0.9141 14
0.9142 6
0.9143 9
0.9147 16
0.9149 10
0.9149 24
0.9151 18
0.9152 7
0.9153 12
0.9155 1
0.9159 20
0.9162 15
0.9163 0
0.9163 21
0.9164 13
0.9165 22
0.9165 27
0.9169 19
0.9171 14
0.9171 26
0.9173 23
0.9173 25
0.9174 9
0.9174 16
0.9175 3
0.9177 29
0.9179 2
0.9179 8
0.9186 17
0.919 7
0.9191 1
0.9195 12
0.9195 20
0.9196 6
0.92 27
0.9201 14
0.9201 16
0.9202 21
0.9203 15
0.9205 9
0.9205 18
0.9208 22
0.9208 24
0.9209 0
0.9209 19
0.9209 26
0.921 3
0.921 28
0.9216 11
0.9216 29
0.9222 8
0.9224 13
0.9227 1
0.9227 2
0.9228 16
0.9228 23
0.9229 7
0.9231 14
0.9231 20
0.9234 27
0.9236 9
0.9237 12
0.9241 21
0.9244 3
0.9244 15
0.9245 17
0.9246 26
0.925 6
0.925 19
0.9252 22
0.9255 0
0.9255 16
0.9256 29
0.9259 18
0.9261 14
0.9264 1
0.9265 8
0.9266 24
0.9267 9
0.9267 20
0.9268 7
0.9268 27
0.927 25
0.9275 2
0.9279 3
0.9279 12
0.9279 21
0.9282 16
0.9282 23
0.9283 26
0.9284 13
0.9285 10
0.9286 15
0.9291 14
0.9291 19
0.9295 22
0.9296 29
0.9298 9
0.9298 11
0.9301 0
0.9301 1
0.9303 17
0.9303 20
0.9303 27
0.9304 6
0.9307 7
0.9308 8
0.9309 16
0.9313 3
0.9313 18
0.9318 21
0.932 26
0.9321 12
0.9321 14
0.9323 2
0.9325 24
0.9326 15
0.9329 9
0.9331 19
0.9336 16
0.9336 23
0.9336 29
0.9337 1
0.9337 22
0.9337 27
0.9338 20
0.9344 13
0.9346 7
0.9348 0
0.9348 3
0.9351 14
0.9352 8
0.9357 21
0.9357 26
0.9358 6
0.936 9
0.9362 17
0.9363 12
0.9363 16
0.9367 15
0.9367 18
0.9367 25
0.9371 2
0.9371 27
0.9372 19
0.9374 1
0.9374 20
0.9376 29
0.9379 22
0.938 11
0.938 28
0.9381 14
0.9382 3
0.9383 24
0.9385 7
0.939 16
0.939 23
0.9391 9
0.9394 26
0.9395 0
0.9395 8
0.9396 21
0.9405 12
0.9405 13
0.9406 27
0.9409 15
0.941 20
0.9411 14
0.9412 1
0.9412 6
0.9414 19
0.9416 29
0.9417 3
0.9417 16
0.942 2
0.9421 18
0.9422 9
0.9423 17
0.9423 22
0.9424 7
0.9424 10
0.9431 26
0.9434 21
0.9438 8
0.9441 14
0.9441 27
0.9442 0
0.9442 24
0.9444 16
0.9444 23
0.9446 20
0.9448 1
0.9448 12
0.945 15
0.9452 3
0.9453 9
0.9454 19
0.9456 29
0.9462 11
0.9463 7
0.9465 25
0.9466 6
0.9466 22
0.9467 13
0.9468 2
0.9468 26
0.9471 14
0.9471 16
0.9473 21
0.9475 18
0.9475 27
0.9481 17
0.9482 8
0.9482 20
0.9484 1
0.9484 9
0.9486 3
0.9489 0
0.949 15
0.9491 12
0.9494 19
0.9496 29
0.9498 16
0.9498 23
0.9501 14
0.9501 24
0.9502 7
0.9505 26
0.9508 22
0.9509 27
0.9512 21
0.9515 9
0.9516 2
0.9518 20
0.952 6
0.9521 1
0.9521 3
0.9525 16
0.9526 8
0.9528 13
0.9529 18
0.9532 14
0.9532 15
0.9534 12
0.9535 19
0.9536 0
0.9536 29
0.954 7
0.9542 17
0.9542 26
0.9543 27
0.9544 11
0.9546 9
0.9547 28
0.955 22
0.9551 21
0.9552 16
0.9552 23
0.9554 20
0.9555 3
0.9558 1
0.956 10
0.956 24
0.9562 14
0.9563 25
0.9564 2
0.957 8
0.9573 6
0.9573 15
0.9576 12
0.9576 19
0.9576 29
0.9577 9
0.9578 7
0.9578 27
0.9579 16
0.958 26
0.9583 0
0.9583 18
0.9589 3
0.9589 13
0.959 20
0.959 21
0.9592 14
0.9592 22
0.9593 1
0.9599 17
0.9606 16
0.9606 23
0.9608 9
0.9611 2
0.9613 15
0.9613 27
0.9614 8
0.9616 19
0.9616 29
0.9617 7
0.9618 12
0.9618 26
0.9619 24
0.9622 14
0.9623 3
0.9626 6
0.9626 11
0.9626 20
0.9629 0
0.9629 1
0.9629 21
0.9633 16
0.9634 22
0.9637 18
0.9638 9
0.9647 27
0.9649 13
0.9652 14
0.9654 15
0.9655 26
0.9656 7
0.9657 19
0.9657 29
0.9658 2
0.9658 3
0.9658 8
0.9659 17
0.966 16
0.966 25
0.9661 12
0.9661 23
0.9662 20
0.9666 1
0.9668 21
0.9669 9
0.9675 0
0.9676 22
0.9678 24
0.9679 6
0.9681 27
0.9682 14
0.9687 16
0.9691 18
0.9692 26
0.9693 3
0.9694 7
0.9696 15
0.9698 10
0.9698 19
0.9698 20
0.9698 29
0.97 9
0.9702 8
0.9703 1
0.9704 12
0.9706 2
0.9706 21
0.9708 11
0.9709 13
0.9712 14
0.9713 28
0.9714 16
0.9715 27
0.9716 23
0.9718 17
0.9719 22
0.9721 0
0.9727 3
0.9729 26
0.9731 9
0.9732 6
0.9732 7
0.9734 20
0.9737 15
0.9738 24
0.9738 29
0.9739 19
0.974 1
0.9741 16
0.9742 14
0.9745 18
0.9745 21
0.9746 8
0.9747 12
0.9749 27
0.9754 2
0.9758 25
0.9761 22
0.9762 3
0.9762 9
0.9766 26
0.9767 0
0.9768 16
0.977 7
0.977 13
0.977 20
0.977 23
0.9772 14
0.9777 1
0.9777 17
0.9778 15
0.9779 29
0.978 19
0.9783 21
0.9783 27
0.9786 6
0.9789 8
0.9789 12
0.979 11
0.9793 9
0.9795 16
0.9796 3
0.9797 24
0.9799 18
0.9802 2
0.9802 14
0.9802 22
0.9803 26
0.9806 20
0.9809 7
0.9813 0
0.9813 1
0.9817 27
0.9819 15
0.9819 29
0.982 19
0.9821 21
0.9822 16
0.9824 9
0.9824 23
0.9831 3
0.9831 12
0.9831 13
0.9832 14
0.9833 8
0.9833 10
0.9838 17
0.9839 26
0.984 6
0.9842 20
0.9845 22
0.9848 7
0.9849 1
0.9849 16
0.9851 2
0.9851 27
0.9853 18
0.9855 9
0.9856 24
0.9856 25
0.9859 15
0.9859 29
0.986 0
0.986 19
0.986 21
0.9862 14
0.9865 3
0.9872 11
0.9873 12
0.9876 8
0.9876 16
0.9876 26
0.9877 20
0.9878 28
0.9879 23
0.9885 1
0.9885 27
0.9886 9
0.9887 7
0.9888 22
0.9892 13
0.9892 14
0.9895 6
0.9897 17
0.9899 2
0.9899 21
0.99 3
0.99 15
0.99 29
0.9902 19
0.9903 16
0.9907 0
0.9907 18
0.9913 20
0.9913 26
0.9915 12
0.9915 24
0.9917 9
0.9918 27
0.9919 8
0.9921 1
0.9922 14
0.9926 7
0.993 16
0.993 22
0.9933 23
0.9935 3
0.9937 21
0.994 29
0.9941 15
0.9943 19
0.9946 2
0.9948 9
0.995 6
0.995 20
0.9951 26
0.9953 11
0.9953 14
0.9953 27
0.9954 0
0.9954 13
0.9956 25
0.9957 16
0.9958 1
0.9958 12
0.9959 17
0.9961 18
0.9962 8
0.9965 7
0.9969 3
0.9969 10
0.9972 22
0.9975 24
0.9976 21
0.9979 9
0.998 29
0.9981 15
0.9983 14
0.9983 19
0.9984 16
0.9987 20
0.9987 23
0.9987 27
0.9988 26
0.9994 1
0.9994 2
