0.2163 0
0.2163 1
0.2163 2
0.2163 3
0.2163 4
0.2163 5
0.2163 6
0.2163 7
0.2163 8
0.2163 9
0.2217 3
0.2217 9
0.2221 2
0.2222 7
0.2226 0
0.2227 1
0.2231 6
0.2231 8
0.2234 5
0.2243 4
0.2262 9
0.2263 3
0.227 2
0.2272 7
0.228 0
0.2283 1
0.2292 6
0.2292 8
0.2299 5
0.2304 9
0.2305 3
0.231 16
0.2316 2
0.2317 7
0.2323 4
0.2329 0
0.2335 1
0.2344 3
0.2344 9
0.2345 6
0.2349 8
0.2354 16
0.2358 2
0.236 5
0.2361 7
0.2375 0
0.2382 3
0.2383 1
0.2383 9
0.2393 6
0.2393 16
0.2399 2
0.2403 4
0.2403 7
0.2403 8
0.2418 3
0.2418 5
0.2419 9
0.242 0
0.2429 1
0.2429 16
0.2438 2
0.2438 6
0.2439 13
0.2443 7
0.2443 29
0.2453 3
0.2455 8
0.2456 9
0.2464 0
0.2464 16
0.2465 27
0.2474 1
0.2474 20
0.2475 5
0.2477 2
0.248 6
0.248 23
0.2481 7
0.2484 4
0.2487 3
0.249 9
0.2492 22
0.2497 16
0.2499 29
0.2505 8
0.2506 0
0.2509 13
0.2515 2
0.2517 7
0.2518 1
0.252 3
0.2521 6
0.2524 9
0.2529 16
0.2531 5
0.2534 27
0.254 20
0.2546 29
0.2547 0
0.2551 21
0.2552 7
0.2553 2
0.2553 3
0.2554 8
0.2556 22
0.2557 9
0.2557 23
0.2561 6
0.2561 16
0.2562 1
0.2566 4
0.257 13
0.2582 5
0.2585 3
0.2585 7
0.2588 0
0.2589 9
0.259 2
0.259 27
0.259 29
0.2592 14
0.2592 16
0.2596 20
0.2599 6
0.2599 26
0.2601 8
0.2605 1
0.2608 22
0.2616 3
0.2618 7
0.262 9
0.2622 16
0.2623 18
0.2623 21
0.2624 23
0.2626 2
0.2626 13
0.2627 0
0.2628 19
0.2631 29
0.2632 5
0.2636 6
0.2639 27
0.2644 4
0.2645 1
0.2646 8
0.2647 3
0.2647 20
0.2649 7
0.2651 9
0.2652 16
0.2652 22
0.266 2
0.2665 0
0.2668 29
0.2672 6
0.2672 14
0.2673 26
0.2677 3
0.2677 13
0.268 5
0.268 7
0.2681 9
0.2682 16
0.2683 21
0.2683 23
0.2684 1
0.2685 27
0.2689 8
0.2693 20
0.2694 2
0.2694 22
0.2696 18
0.2703 0
0.2704 29
0.2707 3
0.2708 6
0.2708 12
0.271 7
0.2711 9
0.2711 16
0.2715 19
0.2717 4
0.2722 1
0.2724 27
0.2726 5
0.2727 2
0.2727 13
0.2732 8
0.2733 22
0.2733 26
0.2734 14
0.2734 15
0.2736 3
0.2736 20
0.2737 21
0.2739 7
0.2739 23
0.2739 29
0.274 9
0.274 16
0.2741 0
0.2743 6
0.2745 11
0.275 25
0.2759 1
0.2759 18
0.276 2
0.2762 27
0.2765 3
0.2768 16
0.2769 7
0.2769 9
0.2771 5
0.2771 22
0.2772 13
0.2773 8
0.2773 29
0.2777 6
0.2778 0
0.2778 20
0.2779 12
0.2781 19
0.2784 4
0.2784 26
0.2785 14
0.2787 21
0.2792 2
0.2792 23
0.2794 3
0.2795 1
0.2796 15
0.2796 16
0.2797 9
0.2798 7
0.2798 27
0.2806 29
0.2807 22
0.281 6
0.2813 8
0.2814 0
0.2815 5
0.2816 13
0.2817 18
0.2817 20
0.2822 11
0.2823 3
0.2824 2
0.2824 16
0.2825 9
0.2827 7
0.2829 26
0.283 14
0.2831 1
0.2833 27
0.2834 21
0.2835 12
0.2835 24
0.2838 19
0.2838 29
0.2842 22
0.2842 23
0.2843 6
0.2846 15
0.2847 4
0.285 0
0.2851 3
0.2852 8
0.2852 9
0.2852 16
0.2855 2
0.2855 20
0.2856 7
0.2857 13
0.2858 5
0.2866 1
0.2867 27
0.2869 29
0.287 26
0.2871 14
0.2871 18
0.2876 6
0.2876 25
0.2877 22
0.2879 3
0.2879 9
0.2879 21
0.288 16
0.2884 7
0.2885 0
0.2885 11
0.2885 12
0.2886 2
0.289 8
0.2891 19
0.2891 23
0.2893 15
0.2893 20
0.2897 13
0.29 5
0.29 27
0.29 29
0.2901 1
0.2906 4
0.2906 9
0.2907 3
0.2907 16
0.2909 6
0.2909 26
0.291 14
0.2911 22
0.2911 24
0.2912 7
0.2916 2
0.2919 0
0.2921 18
0.2923 21
0.2928 8
0.2929 20
0.293 12
0.2931 29
0.2933 9
0.2933 27
0.2934 16
0.2935 3
0.2936 1
0.2936 13
0.2936 15
0.2938 23
0.294 7
0.294 19
0.2941 5
0.2941 6
0.2941 11
0.2944 22
0.2946 2
0.2947 14
0.2947 26
0.2952 0
0.2954 17
0.296 9
0.2961 16
0.2961 29
0.2962 3
0.2963 4
0.2964 20
0.2965 8
0.2965 21
0.2966 27
0.2968 7
0.2968 18
0.2971 1
0.2973 6
0.2973 12
0.2973 24
0.2974 13
0.2976 2
0.2976 15
0.2976 22
0.2981 5
0.2981 25
0.2982 14
0.2984 19
0.2984 23
0.2984 26
0.2985 0
0.2986 9
0.2988 16
0.2989 3
0.2991 29
0.2992 11
0.2995 7
0.2997 27
0.2998 20
0.3005 21
0.3008 8
0.3009 6
0.3009 22
0.3011 2
0.3011 13
0.3014 12
0.3014 15
0.3014 18
0.3015 1
0.3015 9
0.3015 16
0.3017 14
0.302 3
0.302 26
0.3021 29
0.3026 7
0.3027 19
0.3028 24
0.3028 27
0.3031 23
0.3032 20
0.3034 0
0.3041 11
0.3042 16
0.3042 22
0.3044 9
0.3045 21
0.3048 2
0.305 13
0.3051 3
0.3051 15
0.3051 29
0.3052 6
0.3053 14
0.3055 12
0.3055 26
0.3057 7
0.3057 17
0.3059 27
0.3061 18
0.3067 20
0.3069 16
0.3069 19
0.3073 9
0.3074 1
0.3074 22
0.308 24
0.3081 29
0.3082 3
0.3083 8
0.3083 23
0.3084 21
0.3085 0
0.3085 2
0.3087 15
0.3088 14
0.3089 7
0.3089 11
0.309 26
0.3091 27
0.3092 13
0.3094 6
0.3096 12
0.3096 16
0.3102 9
0.3102 20
0.3106 22
0.3108 18
0.311 19
0.3111 29
0.3113 3
0.3121 7
0.3122 15
0.3122 27
0.3123 2
0.3123 14
0.3123 16
0.3123 21
0.3124 26
0.313 24
0.3131 9
0.3133 1
0.3135 6
0.3136 0
0.3136 11
0.3137 13
0.3137 23
0.3138 12
0.3138 20
0.3138 22
0.3142 29
0.3144 3
0.3145 17
0.315 16
0.3151 19
0.3153 27
0.3154 7
0.3155 8
0.3156 15
0.3156 18
0.3157 14
0.3159 26
0.316 9
0.3161 2
0.3161 21
0.317 22
0.3173 20
0.3173 29
0.3175 3
0.3176 6
0.3177 16
0.3178 24
0.318 12
0.3181 11
0.3184 13
0.3184 27
0.3185 0
0.3187 7
0.3189 9
0.3191 14
0.3191 15
0.3191 19
0.3191 23
0.3193 1
0.3194 26
0.3199 21
0.32 2
0.3202 22
0.3203 5
0.3204 16
0.3204 29
0.3205 18
0.3206 3
0.3208 20
0.3215 27
0.3216 6
0.3218 9
0.3219 7
0.322 12
0.3224 8
0.3226 11
0.3226 14
0.3226 15
0.3226 17
0.3226 24
0.3228 26
0.3229 13
0.3231 16
0.3231 19
0.3234 22
0.3234 29
0.3236 0
0.3237 21
0.3238 3
0.3239 2
0.3244 20
0.3246 27
0.3247 9
0.3248 23
0.3251 7
0.3251 18
0.3253 1
0.3256 6
0.3258 16
0.326 14
0.3261 12
0.3261 15
0.3262 26
0.3264 29
0.3266 22
0.327 3
0.327 19
0.3271 11
0.3273 24
0.3275 21
0.3276 9
0.3276 13
0.3277 27
0.3278 2
0.3281 20
0.3284 7
0.3285 16
0.3287 0
0.3293 8
0.3294 14
0.3294 29
0.3295 15
0.3296 6
0.3296 26
0.3298 22
0.33 18
0.3301 17
0.3302 3
0.3303 12
0.3305 9
0.3308 23
0.3308 27
0.3309 19
0.3313 1
0.3313 16
0.3313 21
0.3316 11
0.3317 2
0.3317 7
0.3318 20
0.3319 24
0.3324 13
0.3324 29
0.3327 14
0.3328 15
0.333 22
0.333 26
0.3334 3
0.3334 9
0.3336 6
0.3337 0
0.334 27
0.3341 16
0.3344 12
0.3347 19
0.3349 18
0.3351 7
0.3351 21
0.3355 20
0.3355 29
0.3356 2
0.336 11
0.336 14
0.3361 8
0.3361 15
0.3361 22
0.3363 9
0.3363 26
0.3364 24
0.3366 3
0.3369 16
0.337 23
0.3371 27
0.3374 1
0.3374 13
0.3374 17
0.3376 6
0.3384 7
0.3385 12
0.3385 19
0.3386 0
0.3386 29
0.3389 21
0.3392 9
0.3392 20
0.3393 14
0.3393 22
0.3394 15
0.3395 2
0.3396 26
0.3397 16
0.3398 3
0.3398 18
0.3402 27
0.3404 11
0.3409 24
0.3416 6
0.3417 29
0.3418 7
0.3421 9
0.3423 19
0.3425 13
0.3425 16
0.3425 22
0.3427 12
0.3427 14
0.3427 21
0.3428 15
0.3429 8
0.3429 20
0.3429 26
0.3431 3
0.3433 27
0.3435 1
0.3435 2
0.3435 23
0.3437 0
0.3439 10
0.3442 5
0.3447 11
0.3447 17
0.3448 29
0.3449 18
0.345 9
0.3451 7
0.3452 16
0.3453 24
0.3456 6
0.3457 22
0.3459 14
0.3461 15
0.3461 19
0.3461 26
0.3463 3
0.3464 21
0.3464 27
0.3466 12
0.3466 20
0.3473 13
0.3474 2
0.3478 29
0.3479 9
0.348 16
0.3484 7
0.3487 0
0.3489 22
0.349 11
0.3491 1
0.3491 14
0.3494 15
0.3494 26
0.3495 3
0.3495 27
0.3496 6
0.3496 8
0.3497 18
0.3497 24
0.3499 19
0.35 23
0.3502 21
0.3503 20
0.3506 12
0.3507 16
0.3508 9
0.3509 29
0.3513 2
0.3517 17
0.3518 7
0.352 22
0.3522 13
0.3523 14
0.3526 27
0.3527 3
0.3527 15
0.3527 26
0.3533 11
0.3535 16
0.3536 0
0.3536 6
0.3536 19
0.3537 9
0.354 20
0.354 21
0.354 24
0.354 29
0.3545 18
0.3547 1
0.3547 12
0.3551 22
0.3552 2
0.3552 7
0.3556 14
0.3556 27
0.3559 3
0.3559 26
0.356 15
0.3562 8
0.3563 16
0.3565 23
0.3566 9
0.3571 29
0.3573 13
0.3573 19
0.3575 6
0.3576 11
0.3577 20
0.3578 21
0.3583 22
0.3583 24
0.3585 0
0.3586 7
0.3586 17
0.3587 27
0.3588 12
0.3589 14
0.3591 2
0.3591 16
0.3592 3
0.3592 15
0.3592 26
0.3594 5
0.3595 9
0.3595 18
0.3601 29
0.3603 1
0.3609 19
0.3614 20
0.3615 6
0.3615 22
0.3616 21
0.3618 27
0.3619 11
0.3619 16
0.362 7
0.3622 13
0.3622 14
0.3624 9
0.3625 3
0.3625 15
0.3625 26
0.3626 24
0.3627 12
0.3628 8
0.363 2
0.3631 29
0.3632 23
0.3634 10
0.3635 0
0.3643 18
0.3646 16
0.3646 19
0.3647 22
0.3648 27
0.3651 20
0.3653 7
0.3654 9
0.3654 14
0.3655 6
0.3655 21
0.3656 1
0.3656 17
0.3657 15
0.3657 26
0.3658 3
0.3661 29
0.3663 11
0.3666 12
0.3668 2
0.3669 24
0.3672 13
0.3673 16
0.3678 27
0.3679 22
0.3683 9
0.3683 19
0.3685 0
0.3686 7
0.3686 14
0.3687 20
0.3689 15
0.3689 26
0.369 3
0.3691 18
0.3692 29
0.3693 8
0.3693 21
0.3695 6
0.3698 23
0.37 16
0.3706 11
0.3706 12
0.3707 2
0.3708 27
0.3709 1
0.371 22
0.3712 9
0.3712 24
0.3718 14
0.372 7
0.372 19
0.3721 15
0.3721 26
0.3722 5
0.3722 13
0.3723 3
0.3723 29
0.3724 17
0.3724 20
0.3727 16
0.3731 21
0.3734 0
0.3734 6
0.3738 18
0.3739 27
0.3741 9
0.3741 22
0.3745 12
0.3746 2
0.3749 11
0.375 14
0.3753 7
0.3753 26
0.3754 15
0.3754 16
0.3754 29
0.3755 24
0.3756 3
0.3757 19
0.3758 8
0.3761 20
0.3764 1
0.3764 23
0.3769 21
0.377 9
0.377 13
0.377 27
0.3773 6
0.3773 22
0.3782 0
0.3782 14
0.3782 16
0.3784 12
0.3785 2
0.3785 29
0.3786 7
0.3786 15
0.3786 18
0.3786 26
0.3788 3
0.3792 11
0.3793 17
0.3794 19
0.3797 24
0.3798 20
0.3799 9
0.38 27
0.3805 22
0.3806 21
0.3807 10
0.381 16
0.3813 6
0.3814 14
0.3816 29
0.3818 1
0.3818 15
0.3818 26
0.382 7
0.382 13
0.3821 3
0.3823 8
0.3824 2
0.3824 12
0.3828 9
0.383 23
0.383 27
0.3831 0
0.3831 19
0.3834 11
0.3834 18
0.3835 20
0.3837 16
0.3837 22
0.384 24
0.3843 21
0.3846 14
0.3846 29
0.3847 5
0.3849 15
0.3849 26
0.3853 6
0.3853 7
0.3854 3
0.3857 9
0.386 27
0.3861 17
0.3862 12
0.3863 2
0.3864 16
0.3868 13
0.3868 19
0.3868 22
0.387 1
0.3872 20
0.3876 29
0.3877 11
0.3877 14
0.388 0
0.388 15
0.388 18
0.388 21
0.3881 26
0.3882 24
0.3886 3
0.3886 7
0.3886 9
0.3887 8
0.389 27
0.3891 16
0.3893 6
0.3896 23
0.3899 12
0.3899 22
0.3901 2
0.3905 19
0.3906 29
0.3909 14
0.3909 20
0.3912 15
0.3913 26
0.3915 9
0.3917 13
0.3918 21
0.3919 3
0.3919 7
0.3919 16
0.392 11
0.3921 27
0.3922 1
0.3924 24
0.3928 0
0.3928 17
0.3928 18
0.393 22
0.3932 6
0.3937 12
0.3937 29
0.3939 2
0.3941 14
0.3942 19
0.3944 9
0.3944 15
0.3945 26
0.3946 16
0.3946 20
0.3951 3
0.3951 8
0.3951 27
0.3953 7
0.3955 21
0.3961 22
0.3961 23
0.3962 11
0.3966 24
0.3967 13
0.3968 29
0.3971 6
0.3973 9
0.3973 10
0.3973 14
0.3974 16
0.3975 1
0.3975 5
0.3976 0
0.3976 15
0.3977 12
0.3977 18
0.3978 26
0.3979 2
0.3979 19
0.3981 27
0.3983 3
0.3983 20
0.3986 7
0.3992 22
0.3993 21
0.3995 17
0.3998 29
0.4001 16
0.4002 9
0.4004 11
0.4004 14
0.4008 15
0.4008 24
0.401 26
0.4011 6
0.4012 27
0.4015 3
0.4015 8
0.4015 12
0.4015 13
0.4015 19
0.4018 2
0.402 7
0.402 20
0.4023 18
0.4024 22
0.4025 0
0.4026 1
0.4026 23
0.4028 16
0.4028 29
0.403 21
0.4031 9
0.4035 14
0.404 15
0.4041 26
0.4042 27
0.4046 11
0.4047 3
0.405 6
0.405 24
0.4052 19
0.4053 12
0.4054 7
0.4055 16
0.4056 22
0.4057 2
0.4057 20
0.4059 29
0.406 9
0.4062 17
0.4064 13
0.4066 14
0.4067 21
0.4071 15
0.4071 18
0.4072 27
0.4073 26
0.4074 0
0.4078 8
0.4079 1
0.4079 3
0.4082 16
0.4087 7
0.4087 22
0.4088 11
0.4088 19
0.4089 5
0.4089 6
0.4089 9
0.409 29
0.4091 12
0.4091 23
0.4092 24
0.4094 20
0.4095 2
0.4097 14
0.4102 15
0.4102 27
0.4104 21
0.4105 26
0.4109 16
0.4111 3
0.4111 13
0.4117 18
0.4118 9
0.4118 22
0.412 7
0.412 29
0.4122 0
0.4125 19
0.4128 6
0.4128 17
0.4129 12
0.4129 14
0.413 11
0.4131 20
0.4132 27
0.4133 1
0.4133 2
0.4134 15
0.4134 24
0.4136 16
0.4136 26
0.4137 10
0.414 8
0.4141 21
0.4143 3
0.4146 9
0.4149 22
0.415 29
0.4153 7
0.4155 23
0.4158 13
0.416 14
0.4162 19
0.4162 27
0.4163 16
0.4163 18
0.4166 15
0.4167 6
0.4168 12
0.4168 20
0.4168 26
0.4169 0
0.4171 2
0.4172 11
0.4175 3
0.4175 9
0.4176 24
0.4179 21
0.418 22
0.418 29
0.4183 1
0.4186 7
0.419 16
0.4192 14
0.4192 27
0.4194 17
0.4198 15
0.4199 5
0.4199 19
0.42 26
0.4202 8
0.4204 9
0.4205 20
0.4206 6
0.4206 12
0.4207 3
0.4207 13
0.4209 2
0.421 18
0.421 29
0.4212 22
0.4214 11
0.4216 21
0.4217 0
0.4217 16
0.4218 7
0.4218 24
0.4219 23
0.4222 27
0.4223 14
0.4229 15
0.4232 26
0.4233 9
0.4234 1
0.4235 19
0.4239 3
0.424 29
0.4242 20
0.4243 12
0.4244 16
0.4244 22
0.4245 6
0.4247 2
0.4251 7
0.4252 27
0.4254 21
0.4255 13
0.4255 14
0.4257 11
0.4257 18
0.426 17
0.426 24
0.4261 15
0.4262 9
0.4264 8
0.4264 26
0.4266 0
0.4271 3
0.4271 16
0.4271 19
0.4271 29
0.4275 22
0.4278 20
0.4281 12
0.4282 27
0.4283 23
0.4284 6
0.4284 7
0.4285 2
0.4286 1
0.4286 14
0.4291 9
0.4291 21
0.4292 10
0.4293 15
0.4296 26
0.4298 16
0.4299 11
0.4301 29
0.4302 24
0.4303 3
0.4304 13
0.4304 18
0.4306 22
0.4307 19
0.4311 5
0.4312 27
0.4314 0
0.4315 20
0.4317 7
0.4317 14
0.4318 12
0.432 9
0.4323 2
0.4323 6
0.4324 15
0.4325 16
0.4326 8
0.4326 17
0.4327 26
0.4328 21
0.4331 29
0.4335 3
0.4336 1
0.4337 22
0.4341 11
0.4342 19
0.4342 27
0.4344 24
0.4346 23
0.4348 14
0.4349 9
0.4349 18
0.435 7
0.4351 13
0.4352 16
0.4352 20
0.4355 12
0.4355 15
0.4358 26
0.436 2
0.4361 0
0.4361 29
0.4362 6
0.4365 21
0.4367 3
0.4368 22
0.4372 27
0.4378 9
0.4378 19
0.4379 14
0.4379 16
0.4383 7
0.4383 11
0.4386 24
0.4387 15
0.4388 1
0.4388 8
0.4388 20
0.4389 26
0.4391 17
0.4391 29
0.4393 12
0.4396 18
0.4398 2
0.4399 3
0.4399 13
0.44 22
0.4401 6
0.4402 21
0.4402 27
0.4406 16
0.4407 9
0.4408 0
0.4409 23
0.441 14
0.4414 19
0.4415 7
0.4418 15
0.4419 5
0.442 26
0.4421 29
0.4424 11
0.4424 20
0.4427 24
0.443 12
0.4431 3
0.4432 22
0.4432 27
0.4433 16
0.4436 9
0.4437 2
0.4439 21
0.444 6
0.4441 1
0.4441 18
0.4442 14
0.4443 10
0.4445 13
0.4448 7
0.4449 8
0.4449 15
0.445 19
0.4451 26
0.4451 29
0.4456 0
0.4457 17
0.446 16
0.446 20
0.4462 27
0.4463 3
0.4463 22
0.4465 9
0.4466 11
0.4467 12
0.4469 24
0.4472 23
0.4473 14
0.4475 2
0.4475 21
0.4479 6
0.448 15
0.4481 7
0.4481 29
0.4482 26
0.4486 18
0.4486 19
0.4487 16
0.4491 1
0.4492 13
0.4492 27
0.4494 9
0.4494 22
0.4495 3
0.4496 20
0.4504 0
0.4504 12
0.4504 14
0.4508 11
0.451 8
0.4511 15
0.4511 24
0.4511 29
0.4512 2
0.4512 21
0.4513 26
0.4514 7
0.4514 16
0.4518 6
0.4519 5
0.4522 9
0.4522 17
0.4522 19
0.4522 27
0.4525 22
0.4527 3
0.4532 18
0.4532 20
0.4534 23
0.4535 14
0.4538 13
0.454 1
0.4541 12
0.4541 16
0.4541 29
0.4543 15
0.4544 26
0.4547 7
0.4549 21
0.455 2
0.455 11
0.4551 0
0.4551 9
0.4552 24
0.4552 27
0.4556 22
0.4557 6
0.4558 19
0.4559 3
0.4566 14
0.4568 16
0.4568 20
0.4571 8
0.4571 29
0.4574 15
0.4576 26
0.4578 18
0.4579 12
0.458 7
0.458 9
0.4582 27
0.4584 13
0.4586 21
0.4587 17
0.4587 22
0.4588 2
0.4591 1
0.4591 3
0.4591 10
0.4592 11
0.4594 19
0.4594 24
0.4595 16
0.4596 6
0.4596 14
0.4596 23
0.4597 0
0.4601 29
0.4604 20
0.4605 15
0.4607 26
0.4608 9
0.4612 27
0.4613 7
0.4616 12
0.4619 22
0.4622 16
0.4622 21
0.4623 3
0.4624 18
0.4625 5
0.4626 2
0.4627 14
0.463 19
0.4631 29
0.4632 8
0.4632 13
0.4634 11
0.4635 6
0.4635 24
0.4636 15
0.4637 9
0.4638 26
0.464 20
0.4641 1
0.4642 27
0.4644 0
0.4645 7
0.4649 16
0.465 22
0.4652 12
0.4652 17
0.4655 3
0.4658 14
0.4658 23
0.4659 21
0.4661 29
0.4664 2
0.4665 9
0.4666 19
0.4667 15
0.4668 18
0.4669 26
0.4672 27
0.4673 6
0.4675 11
0.4676 16
0.4676 20
0.4677 24
0.4678 7
0.4679 13
0.4681 22
0.4687 3
0.4689 12
0.4689 14
0.4691 29
0.4692 0
0.4692 1
0.4693 8
0.4694 9
0.4696 21
0.4698 15
0.47 26
0.4702 2
0.4702 27
0.4703 16
0.4703 19
0.471 7
0.4712 6
0.4712 20
0.4712 22
0.4714 18
0.4717 11
0.4717 17
0.4719 3
0.4719 23
0.4719 24
0.472 14
0.4721 29
0.4722 9
0.4726 12
0.4727 13
0.473 15
0.473 16
0.4731 26
0.4732 21
0.4732 27
0.4733 10
0.4734 5
0.4739 0
0.4739 19
0.474 2
0.4742 1
0.4743 7
0.4743 22
0.4748 20
0.4751 3
0.4751 6
0.4751 9
0.4751 14
0.4751 29
0.4755 8
0.4757 16
0.4758 18
0.4759 11
0.4761 15
0.4761 24
0.4762 26
0.4762 27
0.4763 12
0.4769 21
0.4773 13
0.4774 22
0.4775 19
0.4776 7
0.4778 2
0.478 9
0.478 23
0.4781 29
0.4782 14
0.4782 17
0.4783 3
0.4784 16
0.4784 20
0.4786 0
0.479 6
0.4791 1
0.4792 15
0.4792 27
0.4793 26
0.48 11
0.4801 12
0.4802 18
0.4802 24
0.4805 22
0.4806 21
0.4809 7
0.4809 9
0.4811 16
0.4811 19
0.4811 29
0.4813 14
0.4815 2
0.4815 3
0.4817 8
0.482 13
0.4821 20
0.4822 27
0.4823 15
0.4824 26
0.4828 6
0.4833 0
0.4834 5
0.4836 22
0.4838 9
0.4838 16
0.4839 12
0.4841 1
0.4841 7
0.4841 29
0.4842 11
0.4842 23
0.4843 21
0.4844 14
0.4844 24
0.4847 3
0.4847 17
0.4847 18
0.4847 19
0.4852 27
0.4853 2
0.4854 15
0.4855 26
0.4857 20
0.4865 13
0.4865 16
0.4866 9
0.4867 6
0.4867 22
0.4871 29
0.4874 7
0.4874 10
0.4875 14
0.4876 12
0.4879 3
0.4879 8
0.488 21
0.4881 0
0.4882 27
0.4883 19
0.4884 11
0.4885 15
0.4885 24
0.4886 26
0.489 1
0.4891 2
0.4891 18
0.4892 16
0.4893 20
0.4894 9
0.4898 22
0.4901 29
0.4903 23
0.4906 6
0.4906 7
0.4906 14
0.4911 3
0.4911 13
0.4912 17
0.4912 27
0.4913 12
0.4916 15
0.4917 21
0.4917 26
0.4919 16
0.4919 19
0.4923 9
0.4925 11
0.4926 24
0.4928 0
0.4929 2
0.4929 20
0.4929 22
0.4931 29
0.4933 5
0.4935 18
0.4937 14
0.4938 7
0.494 1
0.4941 8
0.4942 27
0.4943 3
0.4945 6
0.4946 16
0.4948 15
0.4948 26
0.4949 12
0.4951 9
0.4954 21
0.4955 19
0.4956 13
0.496 22
0.4961 29
0.4965 20
0.4965 23
0.4966 2
0.4967 11
0.4968 14
0.4968 24
0.497 7
0.4972 27
0.4973 16
0.4975 0
0.4975 3
0.4977 17
0.4979 9
0.4979 15
0.4979 18
0.498 26
0.4984 6
0.4986 12
0.499 19
0.499 21
0.4991 1
0.4991 22
0.4991 29
0.4999 14
0.5 16
0.5001 20
0.5002 13
0.5002 27
0.5003 2
0.5003 7
0.5003 8
0.5007 3
0.5007 9
0.5009 11
0.501 15
0.501 24
0.5011 26
0.5013 10
0.5021 29
0.5022 0
0.5022 6
0.5023 12
0.5023 22
0.5024 18
0.5026 19
0.5027 16
0.5027 21
0.5027 23
0.503 14
0.5031 27
0.5034 5
0.5036 7
0.5036 9
0.5037 20
0.5039 1
0.5039 3
0.504 2
0.5041 15
0.5042 17
0.5042 26
0.5048 13
0.505 11
0.5051 24
0.5051 29
0.5054 16
0.5054 22
0.5059 12
0.5061 6
0.5061 14
0.5061 19
0.5061 27
0.5064 21
0.5065 8
0.5065 9
0.5067 18
0.5068 7
0.507 0
0.5071 3
0.5072 15
0.5073 20
0.5073 26
0.5077 2
0.5081 16
0.5081 29
0.5085 22
0.5087 1
0.5088 23
0.5091 27
0.5092 11
0.5092 14
0.5093 24
0.5094 9
0.5094 13
0.5096 12
0.5097 19
0.51 6
0.51 7
0.5101 21
0.5102 3
0.5103 15
0.5104 26
0.5107 17
0.5108 16
0.5109 20
0.5111 29
0.5112 18
0.5114 2
0.5116 22
0.5117 0
0.5121 27
0.5123 9
0.5123 14
0.5127 8
0.5133 7
0.5133 19
0.5134 3
0.5134 11
0.5134 12
0.5135 15
0.5135 16
0.5135 24
0.5135 26
0.5138 1
0.5138 21
0.5139 6
0.514 5
0.5141 29
0.5142 13
0.5145 20
0.5147 22
0.5149 23
0.5151 2
0.5151 9
0.5151 27
0.5153 10
0.5154 14
0.5156 18
0.5162 16
0.5164 0
0.5165 7
0.5166 3
0.5166 15
0.5166 26
0.5169 19
0.517 12
0.5171 29
0.5172 17
0.5175 21
0.5176 11
0.5176 24
0.5177 6
0.5178 22
0.518 9
0.518 27
0.5181 20
0.5184 14
0.5187 1
0.5188 8
0.5188 13
0.5189 2
0.5189 16
0.5197 3
0.5197 7
0.5197 15
0.5197 26
0.52 18
0.5201 29
0.5204 19
0.5207 12
0.5208 9
0.5209 22
0.521 0
0.521 23
0.521 27
0.5212 21
0.5214 14
0.5216 6
0.5216 16
0.5217 20
0.5218 11
0.5218 24
0.5226 2
0.5228 15
0.5228 26
0.5229 3
0.523 7
0.5231 29
0.5234 13
0.5237 1
0.5237 9
0.5237 17
0.5239 5
0.524 19
0.524 22
0.524 27
0.5243 16
0.5244 12
0.5245 14
0.5245 18
0.5248 21
0.5249 8
0.5252 20
0.5255 6
0.5257 0
0.5259 15
0.5259 24
0.5259 26
0.526 11
0.5261 3
0.5261 29
0.5262 7
0.5263 2
0.5265 9
0.5269 27
0.527 16
0.5271 22
0.5271 23
0.5276 14
0.5276 19
0.5279 13
0.528 12
0.5285 21
0.5287 1
0.5288 20
0.529 15
0.529 18
0.5291 26
0.5291 29
0.5293 3
0.5293 9
0.5294 6
0.5294 7
0.5294 10
0.5297 16
0.5299 27
0.53 2
0.53 24
0.5301 11
0.5302 22
0.5303 17
0.5304 0
0.5306 14
0.531 8
0.5312 19
0.5316 12
0.5321 9
0.5321 15
0.5321 29
0.5322 21
0.5322 26
0.5324 16
0.5324 20
0.5325 3
0.5325 13
0.5327 7
0.5329 27
0.5332 23
0.5333 6
0.5333 22
0.5335 1
0.5335 5
0.5335 18
0.5336 14
0.5338 2
0.5341 24
0.5342 11
0.5348 19
0.5349 9
0.5351 0
0.5351 16
0.5351 29
0.5352 12
0.5352 15
0.5353 26
0.5357 3
0.5359 21
0.5359 27
0.536 7
0.536 20
0.5364 22
0.5367 14
0.5367 17
0.537 13
0.5371 8
0.5372 6
0.5376 2
0.5377 9
0.5378 16
0.5379 18
0.5381 29
0.5382 24
0.5383 11
0.5383 15
0.5384 19
0.5384 26
0.5385 1
0.5389 3
0.5389 12
0.5389 27
0.5392 7
0.5393 23
0.5395 20
0.5395 22
0.5396 21
0.5397 0
0.5397 14
0.5405 9
0.5405 16
0.541 6
0.5411 29
0.5413 2
0.5414 15
0.5415 26
0.5417 13
0.5419 27
0.542 19
0.5421 3
0.5423 24
0.5425 7
0.5425 11
0.5425 18
0.5426 22
0.5427 12
0.5428 14
0.543 20
0.5431 8
0.5432 16
0.5432 17
0.5433 21
0.5434 9
0.5436 1
0.5436 10
0.5441 5
0.5441 29
0.5444 0
0.5445 15
0.5446 26
0.5448 6
0.5449 27
0.545 2
0.5453 3
0.5454 23
0.5456 19
0.5457 7
0.5457 22
0.5459 14
0.5459 16
0.5462 13
0.5463 9
0.5463 12
0.5464 24
0.5466 20
0.5467 11
0.5469 18
0.547 21
0.547 29
0.5475 15
0.5477 26
0.5478 27
0.5485 1
0.5485 3
0.5486 16
0.5487 6
0.5488 2
0.5488 22
0.549 7
0.549 14
0.5492 0
0.5492 8
0.5492 9
0.5492 19
0.5497 17
0.5499 12
0.55 29
0.5502 20
0.5505 24
0.5506 15
0.5506 21
0.5508 11
0.5508 26
0.5508 27
0.5509 13
0.5513 16
0.5514 18
0.5515 23
0.5517 3
0.5519 22
0.552 9
0.552 14
0.5522 7
0.5526 2
0.5526 6
0.5528 19
0.553 29
0.5535 1
0.5536 12
0.5537 15
0.5538 20
0.5538 27
0.5539 0
0.5539 26
0.554 16
0.5543 21
0.5544 5
0.5546 24
0.5549 3
0.5549 9
0.555 11
0.555 22
0.5551 14
0.5553 8
0.5555 7
0.5555 13
0.5559 18
0.556 29
0.5562 17
0.5564 2
0.5564 6
0.5565 19
0.5567 16
0.5568 15
0.5568 27
0.557 26
0.5572 12
0.5574 20
0.5576 23
0.5577 10
0.5578 9
0.558 21
0.5581 3
0.5581 14
0.5581 22
0.5584 1
0.5585 0
0.5587 7
0.5587 24
0.559 29
0.5591 11
0.5594 16
0.5597 27
0.5599 15
0.5601 13
0.5601 19
0.5601 26
0.5602 2
0.5602 6
0.5604 18
0.5607 9
0.5608 12
0.561 20
0.5612 14
0.5612 22
0.5613 3
0.5615 8
0.5617 21
0.5619 7
0.562 29
0.5621 16
0.5626 27
0.5627 17
0.5628 24
0.563 15
0.5632 0
0.5632 1
0.5632 11
0.5632 26
0.5635 9
0.5637 19
0.5638 23
0.5639 5
0.564 2
0.5641 6
0.5643 14
0.5644 12
0.5644 22
0.5645 3
0.5646 20
0.5647 13
0.5648 16
0.5649 18
0.565 29
0.5651 7
0.5653 21
0.5655 27
0.5661 15
0.5663 9
0.5663 26
0.5669 24
0.5673 11
0.5673 19
0.5674 14
0.5675 16
0.5676 22
0.5677 3
0.5677 8
0.5678 2
0.568 0
0.568 6
0.568 29
0.5681 12
0.5682 20
0.5683 1
0.5684 7
0.5685 27
0.569 21
0.5691 9
0.5691 17
0.5692 15
0.5693 13
0.5694 18
0.5694 26
0.5699 23
0.5702 16
0.5704 14
0.5707 22
0.5708 3
0.5708 19
0.571 24
0.571 29
0.5714 11
0.5715 2
0.5715 27
0.5717 7
0.5718 6
0.5718 10
0.5718 12
0.5718 20
0.572 9
0.5723 15
0.5725 26
0.5727 0
0.5727 21
0.5729 16
0.5733 1
0.5734 14
0.5738 8
0.5738 22
0.5739 13
0.574 3
0.574 18
0.574 29
0.5741 5
0.5744 19
0.5744 27
0.5748 9
0.5749 7
0.5751 24
0.5752 2
0.5754 12
0.5754 15
0.5754 20
0.5755 11
0.5756 16
0.5756 26
0.5757 6
0.5757 17
0.576 23
0.5763 21
0.5764 14
0.5769 22
0.577 29
0.5772 3
0.5774 0
0.5774 27
0.5776 9
0.578 19
0.5781 7
0.5782 1
0.5783 16
0.5784 13
0.5784 18
0.5785 15
0.5787 26
0.5789 2
0.579 20
0.5791 12
0.5792 24
0.5794 14
0.5796 6
0.5797 11
0.5799 8
0.5799 21
0.58 22
0.58 29
0.5803 3
0.5804 9
0.5804 27
0.581 16
0.5813 7
0.5816 15
0.5816 19
0.5818 26
0.582 0
0.5821 17
0.5821 23
0.5825 14
0.5826 20
0.5827 2
0.5828 12
0.583 18
0.583 29
0.5831 13
0.5832 1
0.5832 22
0.5833 9
0.5833 24
0.5834 27
0.5835 3
0.5835 6
0.5835 21
0.5837 16
0.5839 11
0.5844 5
0.5845 7
0.5847 15
0.5849 26
0.5852 19
0.5856 14
0.5858 10
0.586 8
0.586 29
0.5862 9
0.5862 20
0.5864 12
0.5864 16
0.5864 22
0.5864 27
0.5865 2
0.5867 0
0.5867 3
0.5872 21
0.5873 6
0.5874 24
0.5875 18
0.5877 7
0.5877 13
0.5878 15
0.588 1
0.588 11
0.588 26
0.5882 23
0.5885 17
0.5886 14
0.5888 19
0.589 9
0.589 29
0.5891 16
0.5894 27
0.5895 22
0.5898 3
0.5898 20
0.59 12
0.5902 2
0.5908 21
0.5909 15
0.591 7
0.5911 6
0.5911 26
0.5914 0
0.5915 24
0.5917 14
0.5918 9
0.5918 16
0.592 18
0.592 29
0.5921 8
0.5921 11
0.5923 27
0.5924 13
0.5924 19
0.5926 22
0.593 1
0.593 3
0.5934 20
0.5937 12
0.5938 5
0.5939 2
0.594 15
0.5942 7
0.5942 23
0.5942 26
0.5945 16
0.5945 21
0.5946 9
0.5948 14
0.595 6
0.595 17
0.595 29
0.5953 27
0.5956 24
0.5957 22
0.5959 19
0.5961 0
0.5961 3
0.5962 11
0.5964 18
0.5969 13
0.597 20
0.5971 15
0.5972 16
0.5973 26
0.5974 12
0.5975 7
0.5975 9
0.5976 2
0.5979 14
0.598 29
0.5981 1
0.5982 8
0.5982 21
0.5983 27
0.5988 22
0.5989 6
0.5992 3
0.5995 19
0.5997 10
0.5997 24
0.5999 16
0.6002 15
0.6003 11
0.6003 23
0.6004 9
0.6004 26
0.6006 20
0.6007 0
0.6007 7
0.6009 18
0.601 14
0.601 29
0.6011 12
0.6013 2
0.6013 27
0.6014 17
0.6015 13
0.6018 21
0.6019 22
0.6023 3
0.6026 16
0.6028 6
0.603 1
0.603 19
0.6033 9
0.6033 15
0.6035 26
0.6036 5
0.6038 24
0.6039 7
0.604 29
0.6041 14
0.6042 20
0.6043 8
0.6043 27
0.6044 11
0.6047 12
0.605 2
0.6051 22
0.6053 16
0.6053 18
0.6054 0
0.6054 3
0.6054 21
0.606 13
0.6061 9
0.6064 15
0.6064 23
0.6066 6
0.6066 19
0.6066 26
0.607 29
0.6071 7
0.6072 14
0.6072 27
0.6077 20
0.6079 1
0.6079 17
0.6079 24
0.608 16
0.6082 22
0.6084 12
0.6085 3
0.6086 11
0.6087 2
0.6089 9
0.609 21
0.6095 15
0.6097 18
0.6098 26
0.61 29
0.6101 0
0.6101 19
0.6102 27
0.6103 7
0.6103 14
0.6104 8
0.6105 6
0.6107 13
0.6107 16
0.6113 20
0.6113 22
0.6116 3
0.6117 9
0.612 24
0.6121 12
0.6124 2
0.6125 23
0.6126 15
0.6126 21
0.6127 11
0.6128 1
0.6129 26
0.613 29
0.6132 27
0.6134 14
0.6134 16
0.6135 7
0.6136 10
0.6137 19
0.6138 5
0.6143 17
0.6143 18
0.6144 6
0.6144 22
0.6145 9
0.6147 3
0.6148 0
0.6149 20
0.6153 13
0.6157 12
0.6157 15
0.6159 26
0.616 29
0.6161 2
0.6161 16
0.6161 24
0.6161 27
0.6162 21
0.6164 8
0.6164 14
0.6167 7
0.6168 11
0.6172 19
0.6173 9
0.6175 22
0.6176 1
0.6178 3
0.6182 6
0.6184 20
0.6185 23
0.6187 18
0.6188 15
0.6188 16
0.619 26
0.619 29
0.6191 27
0.6193 12
0.6194 0
0.6195 14
0.6198 2
0.6199 13
0.6199 21
0.62 7
0.6201 9
0.6202 24
0.6206 22
0.6207 17
0.6208 19
0.6209 3
0.6209 11
0.6215 16
0.6219 15
0.6219 20
0.622 29
0.6221 6
0.6221 26
0.6221 27
0.6224 8
0.6226 1
0.6226 14
0.6229 9
0.623 12
0.6231 18
0.6233 7
0.6235 2
0.6235 21
0.6236 5
0.6237 22
0.624 0
0.624 3
0.6242 16
0.6243 24
0.6244 19
0.6245 13
0.6245 23
0.625 11
0.625 15
0.625 27
0.625 29
0.6252 26
0.6255 20
0.6257 9
0.6257 14
0.6259 6
0.6265 7
0.6266 12
0.6268 22
0.6269 16
0.6271 3
0.6272 17
0.6272 21
0.6273 2
0.6275 10
0.6275 18
0.6277 1
0.6279 27
0.628 19
0.628 29
0.6281 15
0.6283 26
0.6284 8
0.6284 24
0.6285 9
0.6287 0
0.6287 14
0.6291 11
0.6291 20
0.6292 13
0.6296 16
0.6297 7
0.6298 6
0.6299 22
0.6302 3
0.6302 12
0.6305 23
0.6308 21
0.6308 27
0.631 29
0.6311 2
0.6312 15
0.6313 9
0.6314 26
0.6316 19
0.6317 14
0.632 18
0.6323 16
0.6325 1
0.6325 24
0.6326 20
0.633 5
0.633 7
0.633 22
0.6332 11
0.6334 0
0.6334 3
0.6336 6
0.6336 17
0.6338 12
0.6338 27
0.6339 13
0.6339 29
0.6341 9
0.6343 15
0.6344 8
0.6344 21
0.6345 26
0.6347 14
0.6348 2
0.635 16
0.6352 19
0.6361 20
0.6361 22
0.6362 7
0.6363 18
0.6365 23
0.6365 24
0.6366 3
0.6368 27
0.6369 9
0.6369 29
0.6373 11
0.6374 1
0.6375 6
0.6375 12
0.6375 15
0.6376 26
0.6377 16
0.6378 14
0.638 0
0.638 21
0.6385 2
0.6385 13
0.6388 19
0.6392 22
0.6394 7
0.6397 9
0.6397 20
0.6398 3
0.6398 27
0.6399 29
0.6401 17
0.6404 8
0.6404 16
0.6406 15
0.6406 24
0.6407 26
0.6408 18
0.6409 14
0.6411 10
0.6412 12
0.6413 6
0.6414 11
0.6416 21
0.6423 1
0.6423 2
0.6423 22
0.6424 19
0.6425 9
0.6426 0
0.6426 5
0.6426 23
0.6427 7
0.6427 27
0.6429 29
0.643 3
0.6431 13
0.6431 16
0.6433 20
0.6437 15
0.6437 26
0.6439 14
0.6447 24
0.6448 12
0.6451 6
0.6451 18
0.6453 21
0.6454 9
0.6454 22
0.6455 11
0.6456 27
0.6458 16
0.6459 7
0.6459 29
0.6461 2
0.6461 19
0.6462 3
0.6465 8
0.6465 17
0.6468 15
0.6468 26
0.6469 20
0.647 14
0.6472 1
0.6473 0
0.6476 13
0.6482 9
0.6484 12
0.6485 16
0.6486 22
0.6486 23
0.6486 27
0.6488 24
0.6489 21
0.6489 29
0.649 6
0.6491 7
0.6493 3
0.6495 18
0.6496 11
0.6497 19
0.6498 2
0.6499 15
0.6499 26
0.6501 14
0.6505 20
0.651 9
0.6512 16
0.6516 27
0.6517 22
0.6519 29
0.652 0
0.6521 12
0.6522 1
0.6523 13
0.6524 7
0.6525 3
0.6526 8
0.6526 21
0.6528 5
0.6529 6
0.6529 17
0.6529 24
0.653 15
0.653 26
0.6532 14
0.6533 19
0.6536 2
0.6537 11
0.6538 9
0.6539 16
0.6539 18
0.6541 20
0.6546 23
0.6546 27
0.6547 10
0.6548 22
0.6548 29
0.6556 7
0.6557 3
0.6557 12
0.6561 15
0.6561 26
0.6562 21
0.6563 14
0.6566 9
0.6566 16
0.6567 0
0.6568 6
0.6569 13
0.6569 19
0.657 24
0.6571 1
0.6574 2
0.6575 27
0.6577 20
0.6578 11
0.6578 29
0.6579 22
0.6584 18
0.6587 8
0.6588 7
0.6589 3
0.6592 15
0.6592 26
0.6593 12
0.6593 16
0.6594 9
0.6594 14
0.6594 17
0.6599 21
0.6604 27
0.6605 19
0.6606 6
0.6607 23
0.6608 29
0.661 22
0.6611 2
0.6611 24
0.6613 0
0.6613 20
0.6616 13
0.6619 1
0.6619 11
0.662 5
0.662 7
0.662 16
0.6621 3
0.6622 9
0.6623 15
0.6623 26
0.6625 14
0.6628 18
0.6629 12
0.6634 27
0.6635 21
0.6638 29
0.6641 19
0.6641 22
0.6644 6
0.6647 16
0.6648 2
0.6648 8
0.6649 20
0.6651 9
0.6652 7
0.6652 24
0.6653 3
0.6654 15
0.6654 26
0.6656 14
0.6659 17
0.666 0
0.666 11
0.6662 13
0.6664 27
0.6666 12
0.6668 1
0.6668 23
0.6668 29
0.6671 21
0.6672 18
0.6673 22
0.6674 16
0.6677 19
0.6679 9
0.6683 6
0.6684 7
0.6685 2
0.6685 3
0.6685 15
0.6685 20
0.6685 26
0.6686 10
0.6687 14
0.6693 24
0.6693 27
0.6698 29
0.6701 11
0.6701 16
0.6703 12
0.6704 22
0.6707 0
0.6708 9
0.6708 21
0.6709 8
0.6709 13
0.6713 19
0.6716 7
0.6716 15
0.6716 26
0.6717 1
0.6717 3
0.6717 5
0.6718 14
0.6718 18
0.6721 20
0.6722 2
0.6722 6
0.6722 27
0.6723 17
0.6727 29
0.6728 16
0.6728 23
0.6734 24
0.6735 22
0.6736 9
0.6739 12
0.6742 11
0.6744 21
0.6747 15
0.6747 26
0.6748 7
0.6749 3
0.6749 14
0.6749 19
0.6752 27
0.6754 0
0.6755 13
0.6755 16
0.6757 20
0.6757 29
0.676 2
0.6761 6
0.6762 18
0.6764 9
0.6766 22
0.6767 1
0.677 8
0.6775 12
0.6775 24
0.6778 15
0.6778 26
0.678 7
0.678 14
0.6781 3
0.6781 21
0.6782 16
0.6782 27
0.6784 11
0.6785 19
0.6787 29
0.6788 17
0.6789 23
0.6792 9
0.6793 20
0.6797 2
0.6797 22
0.6799 6
0.68 0
0.6802 13
0.6807 18
0.6809 15
0.6809 16
0.6809 26
0.6811 14
0.6812 7
0.6812 12
0.6812 27
0.6813 3
0.6816 24
0.6817 1
0.6817 21
0.6817 29
0.682 9
0.682 19
0.6822 5
0.6825 10
0.6825 11
0.6828 22
0.6829 20
0.6831 8
0.6834 2
0.6836 16
0.6838 6
0.684 15
0.684 26
0.6842 14
0.6842 27
0.6844 7
0.6845 3
0.6847 0
0.6847 13
0.6847 29
0.6848 9
0.6848 12
0.685 23
0.6852 17
0.6852 18
0.6854 21
0.6856 19
0.6857 24
0.6859 22
0.6863 16
0.6864 20
0.6865 1
0.6866 11
0.6871 2
0.6871 15
0.6871 26
0.6872 27
0.6873 14
0.6876 7
0.6876 9
0.6877 3
0.6877 6
0.6877 29
0.6884 12
0.689 16
0.689 21
0.689 22
0.6892 8
0.6892 19
0.6893 13
0.6894 0
0.6897 18
0.6898 24
0.69 20
0.6901 27
0.6902 15
0.6902 26
0.6903 14
0.6904 9
0.6907 29
0.6908 2
0.6908 7
0.6908 11
0.6909 3
0.6911 23
0.6914 1
0.6916 6
0.6917 5
0.6917 16
0.6917 17
0.692 12
0.6921 22
0.6926 21
0.6928 19
0.6931 27
0.6932 9
0.6933 15
0.6934 14
0.6934 26
0.6936 20
0.6937 29
0.6938 13
0.6939 24
0.694 7
0.694 18
0.6941 0
0.6941 3
0.6944 16
0.6945 2
0.6949 11
0.6952 8
0.6952 22
0.6954 6
0.6956 12
0.696 9
0.6961 27
0.6962 10
0.6963 21
0.6964 15
0.6964 19
0.6965 1
0.6965 14
0.6965 26
0.6967 29
0.6971 16
0.6971 23
0.6972 7
0.6972 20
0.6973 3
0.698 24
0.6981 17
0.6982 2
0.6983 22
0.6984 13
0.6985 18
0.6987 0
0.6988 9
0.699 11
0.6991 27
0.6992 6
0.6993 12
0.6995 14
0.6995 15
0.6996 26
0.6997 29
0.6998 16
0.6999 21
0.7 19
0.7004 7
0.7005 3
0.7007 20
0.7012 8
0.7013 5
0.7014 1
0.7014 22
0.7016 9
0.7019 2
0.7021 24
0.7021 27
0.7025 16
0.7026 14
0.7027 15
0.7027 26
0.7027 29
0.703 12
0.703 18
0.7031 6
0.7031 13
0.7031 23
0.7032 11
0.7033 0
0.7036 7
0.7036 19
0.7036 21
0.7037 3
0.7043 20
0.7044 9
0.7045 17
0.7045 22
0.705 27
0.7052 16
0.7056 2
0.7057 14
0.7057 29
0.7058 15
0.7058 26
0.7062 24
0.7064 1
0.7067 12
0.7069 3
0.7069 7
0.707 6
0.7071 19
0.7073 8
0.7073 9
0.7073 21
0.7074 11
0.7074 18
0.7076 22
0.7078 13
0.7079 16
0.7079 20
0.7079 27
0.708 0
0.7087 14
0.7087 29
0.7089 15
0.7089 26
0.7092 23
0.7093 2
0.7097 10
0.7101 3
0.7101 7
0.7101 9
0.7103 24
0.7104 12
0.7106 16
0.7107 19
0.7108 22
0.7109 6
0.7109 27
0.711 17
0.711 21
0.7113 1
0.7113 5
0.7115 20
0.7116 11
0.7117 14
0.7117 29
0.7119 18
0.712 15
0.712 26
0.7125 13
0.7127 0
0.7129 9
0.713 2
0.7133 3
0.7133 7
0.7133 16
0.7134 8
0.7139 22
0.7139 27
0.714 12
0.7142 19
0.7144 24
0.7146 21
0.7147 14
0.7147 29
0.7148 6
0.715 20
0.7151 15
0.7151 26
0.7152 23
0.7157 9
0.7157 11
0.716 16
0.7161 1
0.7164 18
0.7165 3
0.7166 7
0.7167 2
0.7169 27
0.717 22
0.7171 13
0.7174 0
0.7174 17
0.7176 12
0.7177 29
0.7178 14
0.7178 19
0.7182 15
0.7182 21
0.7182 26
0.7185 9
0.7185 24
0.7186 20
0.7187 6
0.7187 16
0.7195 8
0.7197 3
0.7198 11
0.7199 7
0.7199 27
0.7201 22
0.7205 2
0.7207 29
0.7209 14
0.7209 18
0.7211 1
0.7211 5
0.7212 23
0.7213 9
0.7213 12
0.7214 15
0.7214 16
0.7214 19
0.7214 26
0.7217 13
0.7219 21
0.722 0
0.7222 20
0.7226 6
0.7226 24
0.7228 3
0.7229 27
0.7231 7
0.7232 22
0.7235 10
0.7237 29
0.7239 11
0.724 14
0.724 17
0.7241 9
0.7241 16
0.7243 2
0.7245 15
0.7245 26
0.725 12
0.725 19
0.7253 18
0.7255 21
0.7256 8
0.7258 20
0.7259 27
0.726 1
0.726 3
0.7263 13
0.7263 22
0.7264 7
0.7265 6
0.7267 0
0.7267 24
0.7267 29
0.7268 16
0.7269 9
0.727 14
0.7273 23
0.7276 15
0.7276 26
0.728 2
0.728 11
0.7286 19
0.7287 12
0.7289 27
0.7292 3
0.7292 21
0.7294 20
0.7295 16
0.7295 22
0.7297 7
0.7297 29
0.7298 9
0.7299 18
0.7301 14
0.7304 6
0.7304 17
0.7305 5
0.7307 15
0.7307 26
0.7308 24
0.731 1
0.731 13
0.7315 0
0.7317 2
0.7317 8
0.7319 27
0.7321 11
0.7322 16
0.7322 19
0.7323 3
0.7323 12
0.7326 9
0.7326 22
0.7327 29
0.7329 7
0.7329 21
0.733 20
0.7331 14
0.7334 23
0.7338 15
0.7338 26
0.7342 6
0.7342 18
0.7349 16
0.7349 24
0.7349 27
0.7355 2
0.7355 3
0.7355 9
0.7356 13
0.7357 22
0.7357 29
0.7358 19
0.736 1
0.736 12
0.7362 0
0.7362 7
0.7362 14
0.7363 11
0.7366 20
0.7366 21
0.7368 17
0.7369 15
0.7369 26
0.7375 10
0.7376 16
0.7377 8
0.7379 27
0.7381 6
0.7383 9
0.7386 18
0.7387 3
0.7387 29
0.7388 22
0.739 24
0.7392 14
0.7393 2
0.7394 19
0.7395 7
0.7395 23
0.7397 12
0.74 15
0.74 26
0.7402 20
0.7403 5
0.7403 13
0.7403 16
0.7403 21
0.7404 11
0.7407 1
0.7408 0
0.7409 27
0.7411 9
0.7417 29
0.7418 3
0.7419 22
0.742 6
0.7423 14
0.7427 7
0.743 2
0.743 16
0.743 18
0.7431 15
0.7431 19
0.7431 24
0.7431 26
0.7433 12
0.7433 17
0.7437 8
0.7438 20
0.7439 27
0.744 9
0.744 21
0.7445 11
0.7447 29
0.7449 13
0.745 3
0.745 22
0.7453 14
0.7455 0
0.7456 1
0.7456 23
0.7457 16
0.7459 6
0.7459 7
0.7462 15
0.7462 26
0.7467 19
0.7468 2
0.7468 9
0.7469 12
0.7469 27
0.7471 24
0.7474 18
0.7474 20
0.7477 21
0.7477 29
0.7481 22
0.7482 3
0.7484 14
0.7484 16
0.7487 11
0.7492 7
0.7493 15
0.7493 26
0.7496 9
0.7497 6
0.7497 8
0.7497 13
0.7497 17
0.7499 27
0.7502 0
0.7503 19
0.7506 2
0.7506 12
0.7507 1
0.7507 5
0.7507 29
0.751 20
0.7511 16
0.7512 24
0.7513 21
0.7513 22
0.7514 3
0.7514 14
0.7515 10
0.7517 23
0.7518 18
0.7524 7
0.7524 9
0.7524 15
0.7524 26
0.7528 11
0.7528 27
0.7535 6
0.7537 29
0.7538 16
0.7539 19
0.7542 12
0.7543 2
0.7543 13
0.7544 22
0.7545 14
0.7546 3
0.7546 20
0.7549 0
0.755 21
0.7553 9
0.7553 24
0.7554 15
0.7555 26
0.7556 1
0.7556 7
0.7557 8
0.7557 27
0.7562 17
0.7563 18
0.7565 16
0.7567 29
0.7569 11
0.7574 6
0.7575 14
0.7575 19
0.7575 22
0.7578 3
0.7578 12
0.7578 23
0.758 2
0.7581 9
0.7583 20
0.7585 15
0.7586 26
0.7587 21
0.7587 27
0.7589 7
0.7589 13
0.7592 16
0.7593 24
0.7595 0
0.7597 29
0.7603 5
0.7605 1
0.7606 14
0.7606 22
0.7608 18
0.761 3
0.761 9
0.7611 11
0.7611 19
0.7613 6
0.7615 12
0.7616 15
0.7617 2
0.7617 8
0.7617 26
0.7617 27
0.7619 16
0.7619 20
0.7621 7
0.7624 21
0.7626 29
0.7627 17
0.7633 24
0.7634 13
0.7636 14
0.7637 22
0.7638 9
0.7638 23
0.7641 0
0.7642 3
0.7646 16
0.7647 19
0.7647 27
0.7648 15
0.7648 26
0.7651 18
0.7652 6
0.7652 11
0.7652 12
0.7653 7
0.7655 2
0.7655 20
0.7656 1
0.7656 29
0.7657 10
0.7661 21
0.7666 9
0.7666 14
0.7668 22
0.7673 3
0.7673 16
0.7674 24
0.7676 27
0.7677 8
0.7679 15
0.7679 26
0.768 13
0.7683 19
0.7685 7
0.7686 29
0.7688 0
0.7689 12
0.769 6
0.7691 20
0.7692 17
0.7693 2
0.7693 11
0.7695 9
0.7696 14
0.7696 18
0.7698 21
0.7698 23
0.7699 5
0.7699 22
0.77 16
0.7704 1
0.7705 3
0.7705 27
0.771 15
0.771 26
0.7714 24
0.7716 29
0.7717 7
0.7719 19
0.7724 9
0.7725 12
0.7725 13
0.7727 14
0.7727 16
0.7728 20
0.7729 6
0.773 2
0.7731 22
0.7734 21
0.7735 0
0.7735 11
0.7735 27
0.7736 3
0.7737 8
0.774 18
0.7741 15
0.7741 26
0.7746 29
0.7749 7
0.7752 9
0.7753 1
0.7754 16
0.7755 19
0.7755 24
0.7757 17
0.7758 14
0.7758 23
0.7761 12
0.7762 22
0.7764 20
0.7765 27
0.7767 2
0.7767 3
0.7768 6
0.777 21
0.7772 13
0.7772 15
0.7772 26
0.7776 11
0.7776 29
0.778 9
0.7781 7
0.7781 16
0.7782 0
0.7784 18
0.7789 14
0.779 19
0.7793 22
0.7795 24
0.7795 27
0.7797 8
0.7798 12
0.7799 3
0.78 20
0.7801 10
0.7803 15
0.7803 26
0.7804 1
0.7804 2
0.7805 5
0.7806 29
0.7807 6
0.7807 21
0.7808 9
0.7808 16
0.7813 7
0.7817 11
0.7818 23
0.7819 13
0.782 14
0.7821 17
0.7824 22
0.7825 27
0.7826 19
0.7828 0
0.7828 18
0.783 3
0.7834 12
0.7834 15
0.7834 26
0.7835 16
0.7836 20
0.7836 24
0.7836 29
0.7837 9
0.7841 2
0.7844 21
0.7845 6
0.7846 7
0.785 14
0.7853 1
0.7854 27
0.7855 22
0.7857 8
0.7858 11
0.7862 3
0.7862 16
0.7862 19
0.7865 9
0.7865 13
0.7865 15
0.7865 26
0.7866 29
0.787 12
0.7872 20
0.7873 18
0.7874 0
0.7876 24
0.7878 2
0.7878 7
0.7879 23
0.788 14
0.7881 21
0.7883 6
0.7883 27
0.7886 17
0.7886 22
0.7889 16
0.7893 9
0.7894 3
0.7896 15
0.7896 26
0.7896 29
0.7898 19
0.7899 11
0.7903 1
0.7904 5
0.7907 12
0.7908 20
0.7911 7
0.7911 13
0.7911 14
0.7913 27
0.7915 2
0.7916 16
0.7917 8
0.7917 18
0.7917 24
0.7918 21
0.7918 22
0.7921 0
0.7921 9
0.7922 6
0.7925 3
0.7926 29
0.7927 15
0.7927 26
0.7934 19
0.7939 23
0.794 11
0.7942 14
0.7943 7
0.7943 12
0.7943 16
0.7943 27
0.7944 20
0.7946 10
0.7949 9
0.7949 22
0.795 17
0.7952 1
0.7953 2
0.7955 21
0.7956 29
0.7957 3
0.7957 13
0.7957 24
0.7958 15
0.7958 26
0.796 6
0.7962 18
0.7968 0
0.7969 19
0.797 16
0.7972 14
0.7972 27
0.7975 7
0.7977 8
0.7978 9
0.7979 12
0.798 20
0.798 22
0.7981 11
0.7986 29
0.7988 3
0.7989 15
0.7989 26
0.799 2
0.7991 21
0.7997 16
0.7998 5
0.7998 24
0.7999 6
0.7999 23
0.8 1
0.8002 27
0.8003 13
0.8003 14
0.8005 19
0.8006 9
0.8007 7
0.8007 18
0.8011 22
0.8014 0
0.8014 17
0.8015 12
0.8015 20
0.8016 29
0.8019 3
0.802 15
0.802 26
0.8022 11
0.8024 16
0.8027 2
0.8027 21
0.8031 27
0.8034 9
0.8034 14
0.8037 6
0.8037 8
0.8039 7
0.8039 24
0.804 19
0.8042 22
0.8046 29
0.8048 13
0.805 1
0.8051 3
0.8051 15
0.8051 16
0.8051 18
0.8051 20
0.8051 26
0.8052 12
0.806 0
0.806 23
0.8061 27
0.8062 9
0.8064 2
0.8064 11
0.8064 14
0.8064 21
0.8071 7
0.8073 22
0.8075 6
0.8076 19
0.8076 29
0.8078 16
0.8079 17
0.808 24
0.8082 3
0.8082 15
0.8082 26
0.8087 20
0.8088 10
0.8089 12
0.8091 9
0.8091 27
0.8094 13
0.8095 14
0.8096 18
0.8097 8
0.81 1
0.81 21
0.8102 2
0.8102 5
0.8104 7
0.8104 22
0.8105 11
0.8105 16
0.8106 0
0.8106 29
0.8112 19
0.8113 3
0.8113 15
0.8113 26
0.8114 6
0.8119 9
0.812 23
0.812 24
0.812 27
0.8123 20
0.8125 12
0.8126 14
0.8132 16
0.8135 22
0.8136 29
0.8137 7
0.8137 21
0.8139 13
0.814 2
0.8141 18
0.8144 15
0.8144 17
0.8144 26
0.8145 3
0.8146 11
0.8147 9
0.8148 19
0.815 1
0.815 27
0.8153 0
0.8153 6
0.8156 14
0.8157 8
0.8158 20
0.8159 16
0.8161 12
0.8161 24
0.8166 22
0.8166 29
0.8169 7
0.8173 21
0.8175 9
0.8175 15
0.8175 26
0.8177 3
0.8178 2
0.818 23
0.818 27
0.8184 19
0.8186 13
0.8186 16
0.8187 11
0.8187 14
0.8187 18
0.8192 6
0.8193 20
0.8196 29
0.8197 22
0.8198 12
0.8199 0
0.82 1
0.8201 24
0.8202 7
0.8203 5
0.8203 9
0.8206 15
0.8206 26
0.8208 3
0.8208 17
0.821 21
0.821 27
0.8213 16
0.8215 2
0.8217 8
0.8218 14
0.822 19
0.8226 29
0.8227 10
0.8228 11
0.8228 22
0.8229 20
0.823 6
0.823 18
0.8231 9
0.8232 13
0.8234 7
0.8235 12
0.8237 15
0.8237 26
0.8239 27
0.824 3
0.824 16
0.824 23
0.8242 24
0.8245 0
0.8246 21
0.8247 1
0.8248 14
0.8252 2
0.8256 19
0.8256 29
0.8259 9
0.8259 22
0.8265 20
0.8266 7
0.8267 16
0.8268 15
0.8268 26
0.8269 6
0.8269 11
0.8269 27
0.8272 3
0.8272 12
0.8273 17
0.8276 18
0.8278 8
0.8278 13
0.8279 14
0.8282 21
0.8283 24
0.8286 29
0.8287 9
0.829 2
0.829 22
0.8291 0
0.8292 19
0.8294 16
0.8295 5
0.8296 1
0.8298 7
0.8299 15
0.8299 26
0.8299 27
0.83 20
0.83 23
0.8304 3
0.8308 6
0.8308 12
0.8309 14
0.8311 11
0.8315 9
0.8316 29
0.8318 21
0.832 18
0.8321 16
0.8321 22
0.8323 13
0.8324 24
0.8327 2
0.8328 27
0.8329 19
0.833 7
0.833 15
0.833 26
0.8336 3
0.8336 20
0.8337 17
0.8339 0
0.8339 8
0.834 14
0.8343 9
0.8344 12
0.8346 29
0.8347 1
0.8347 6
0.8348 16
0.8352 11
0.8352 22
0.8354 21
0.8358 27
0.836 23
0.8361 15
0.8361 26
0.8362 7
0.8363 10
0.8364 2
0.8364 18
0.8365 19
0.8365 24
0.8368 3
0.8368 13
0.837 14
0.8371 9
0.8372 20
0.8375 16
0.8376 29
0.838 12
0.8383 22
0.8385 6
0.8386 0
0.8388 27
0.839 21
0.8392 15
0.8392 26
0.8393 5
0.8393 11
0.8395 7
0.8396 1
0.8399 9
0.84 3
0.8401 8
0.8401 14
0.8402 2
0.8402 16
0.8402 17
0.8402 19
0.8406 24
0.8406 29
0.8408 20
0.8409 18
0.8412 13
0.8414 22
0.8416 12
0.8418 27
0.842 23
0.8423 6
0.8423 15
0.8423 26
0.8426 21
0.8427 7
0.8428 9
0.8429 16
0.8431 14
0.8432 3
0.8433 0
0.8435 11
0.8436 29
0.8438 19
0.844 2
0.8444 20
0.8445 1
0.8445 22
0.8447 24
0.8448 27
0.8453 12
0.8454 15
0.8454 18
0.8454 26
0.8456 9
0.8456 16
0.8457 13
0.846 7
0.8462 6
0.8462 14
0.8463 8
0.8463 21
0.8464 3
0.8466 29
0.8467 17
0.8474 19
0.8476 11
0.8476 22
0.8477 2
0.8478 27
0.8479 0
0.848 20
0.8481 23
0.8483 16
0.8484 9
0.8485 15
0.8485 26
0.8488 24
0.849 12
0.8492 7
0.8493 14
0.8495 1
0.8495 5
0.8496 3
0.8496 29
0.8499 10
0.8499 18
0.8499 21
0.8501 6
0.8503 13
0.8507 22
0.8507 27
0.851 16
0.851 19
0.8512 9
0.8514 2
0.8516 15
0.8516 20
0.8516 26
0.8517 11
0.8524 7
0.8524 14
0.8525 8
0.8526 12
0.8526 29
0.8527 0
0.8528 3
0.8529 24
0.8531 17
0.8535 21
0.8536 27
0.8537 16
0.8538 22
0.854 6
0.854 9
0.8542 23
0.8543 18
0.8544 1
0.8546 19
0.8547 15
0.8547 26
0.8548 13
0.8551 2
0.8552 20
0.8554 14
0.8556 7
0.8556 29
0.8558 11
0.8559 3
0.8562 12
0.8564 16
0.8566 27
0.8568 9
0.8569 22
0.857 24
0.8571 21
0.8574 0
0.8578 6
0.8578 15
0.8578 26
0.8582 19
0.8585 14
0.8586 8
0.8586 29
0.8588 20
0.8589 2
0.8589 7
0.8589 18
0.8591 3
0.8591 5
0.8591 16
0.8594 1
0.8594 13
0.8596 9
0.8596 17
0.8596 27
0.8599 11
0.8599 12
0.86 22
0.8603 23
0.8607 21
0.8609 15
0.8609 26
0.8611 24
0.8615 14
0.8616 29
0.8617 6
0.8618 16
0.8618 19
0.862 0
0.8621 7
0.8623 3
0.8624 9
0.8624 20
0.8626 27
0.8627 2
0.8631 22
0.8633 18
0.8635 10
0.8636 12
0.8639 13
0.864 11
0.864 15
0.864 26
0.8643 21
0.8644 1
0.8645 16
0.8646 14
0.8646 29
0.8647 8
0.8652 9
0.8652 24
0.8653 7
0.8654 3
0.8654 19
0.8656 6
0.8656 27
0.866 17
0.866 20
0.8662 22
0.8664 2
0.8665 23
0.8666 0
0.8671 15
0.8671 26
0.8672 16
0.8673 12
0.8676 14
0.8676 29
0.8678 18
0.8679 21
0.8681 9
0.8682 11
0.8684 5
0.8685 27
0.8686 3
0.8686 7
0.8686 13
0.8689 19
0.8692 24
0.8693 1
0.8693 22
0.8694 6
0.8696 20
0.8699 16
0.8701 2
0.8702 15
0.8702 26
0.8705 29
0.8707 14
0.8708 8
0.8709 9
0.8709 12
0.8713 0
0.8715 27
0.8716 21
0.8718 3
0.8718 7
0.8722 18
0.8723 11
0.8724 22
0.8725 17
0.8725 19
0.8726 16
0.8726 23
0.8732 13
0.8732 20
0.8733 6
0.8733 15
0.8733 24
0.8733 26
0.8735 29
0.8737 9
0.8738 2
0.8738 14
0.8742 1
0.8745 12
0.8745 27
0.8749 3
0.875 7
0.8752 21
0.8753 16
0.8755 22
0.876 0
0.8761 19
0.8764 11
0.8764 15
0.8765 26
0.8765 29
0.8766 9
0.8767 18
0.8768 20
0.8769 8
0.8769 14
0.8772 6
0.8774 10
0.8774 24
0.8775 2
0.8775 27
0.8779 13
0.878 16
0.8781 3
0.8781 12
0.8783 7
0.8784 5
0.8786 22
0.8786 23
0.8789 17
0.8789 21
0.879 1
0.8794 9
0.8795 15
0.8795 29
0.8796 26
0.8797 19
0.8799 14
0.8804 20
0.8805 11
0.8805 27
0.8806 0
0.8807 16
0.881 18
0.8811 6
0.8812 2
0.8812 3
0.8815 24
0.8816 7
0.8817 12
0.8817 22
0.8822 9
0.8824 13
0.8825 21
0.8825 29
0.8826 15
0.8827 26
0.883 8
0.883 14
0.8833 19
0.8834 16
0.8834 27
0.8839 1
0.8839 20
0.8843 3
0.8846 11
0.8847 23
0.8848 7
0.8848 22
0.8849 2
0.8849 6
0.885 9
0.8852 0
0.8853 17
0.8854 12
0.8855 18
0.8855 29
0.8856 24
0.8857 15
0.8858 26
0.8861 14
0.8861 16
0.8861 21
0.8863 27
0.8868 19
0.887 13
0.8875 3
0.8875 20
0.8879 9
0.8879 22
0.8881 7
0.8883 5
0.8885 29
0.8886 2
0.8887 11
0.8888 6
0.8888 15
0.8888 16
0.8889 26
0.889 1
0.8891 8
0.8891 12
0.8892 14
0.8893 27
0.8897 21
0.8897 24
0.8899 0
0.8899 18
0.8903 19
0.8907 3
0.8907 9
0.8908 23
0.891 22
0.8911 20
0.8913 7
0.8914 13
0.8915 16
0.8915 29
0.8916 10
0.8918 17
0.8919 15
0.892 26
0.8923 2
0.8923 14
0.8923 27
0.8926 6
0.8928 11
0.8928 12
0.8933 21
0.8935 9
0.8938 19
0.8938 24
0.8939 1
0.8939 3
0.8941 22
0.8942 16
0.8942 18
0.8945 7
0.8945 29
0.8946 0
0.8947 20
0.895 15
0.8951 26
0.8952 8
0.8952 27
0.8954 14
0.8959 2
0.896 13
0.8963 9
0.8964 12
0.8965 6
0.8968 23
0.8969 16
0.897 3
0.897 11
0.897 21
0.8972 22
0.8974 19
0.8975 29
0.8976 5
0.8977 7
0.8979 24
0.898 15
0.8981 27
0.8982 17
0.8982 20
0.8982 26
0.8985 14
0.8986 18
0.8987 1
0.8991 9
0.8992 0
0.8996 2
0.8996 16
0.8999 12
0.9001 3
0.9003 22
0.9004 6
0.9005 13
0.9005 29
0.9006 21
0.9009 7
0.9009 19
0.901 27
0.9011 11
0.9011 15
0.9012 8
0.9013 26
0.9015 14
0.9017 20
0.9019 9
0.902 24
0.9023 16
0.9028 23
0.903 18
0.9033 2
0.9033 3
0.9034 22
0.9035 29
0.9036 1
0.9036 12
0.9038 0
0.904 27
0.9041 7
0.9042 6
0.9042 15
0.9043 21
0.9044 26
0.9045 19
0.9046 14
0.9047 9
0.9047 17
0.905 16
0.9052 11
0.9052 13
0.9053 20
0.9056 10
0.9061 24
0.9064 3
0.9065 22
0.9065 29
0.907 2
0.907 27
0.9072 8
0.9073 12
0.9073 15
0.9074 7
0.9074 18
0.9075 26
0.9076 9
0.9077 5
0.9077 14
0.9077 16
0.908 21
0.9081 6
0.9081 19
0.9084 0
0.9085 1
0.9088 23
0.9089 20
0.9093 11
0.9094 29
0.9096 3
0.9096 22
0.9097 13
0.9099 27
0.9102 24
0.9104 9
0.9104 15
0.9104 16
0.9106 7
0.9106 26
0.9107 2
0.9108 14
0.9109 12
0.9111 17
0.9117 19
0.9117 21
0.9118 18
0.9119 6
0.9124 20
0.9124 29
0.9127 22
0.9128 3
0.9128 27
0.9131 0
0.9131 16
0.9133 8
0.9133 9
0.9134 11
0.9135 1
0.9135 15
0.9137 26
0.9138 7
0.9139 14
0.9143 13
0.9143 24
0.9144 2
0.9145 12
0.9148 23
0.9153 19
0.9153 21
0.9154 29
0.9158 6
0.9158 16
0.9158 27
0.9159 3
0.9159 20
0.9159 22
0.9161 9
0.9163 18
0.9166 15
0.9168 26
0.917 7
0.917 14
0.9175 11
0.9175 17
0.9178 0
0.9179 5
0.9181 2
0.9182 12
0.9184 24
0.9184 29
0.9185 1
0.9185 16
0.9188 27
0.9189 13
0.9189 19
0.9189 21
0.919 9
0.919 22
0.9191 3
0.9193 10
0.9194 8
0.9195 20
0.9197 6
0.9197 15
0.9199 26
0.92 14
0.9201 7
0.9206 18
0.9208 23
0.9212 16
0.9214 29
0.9216 11
0.9218 2
0.9218 9
0.9218 12
0.9218 27
0.9221 22
0.9223 3
0.9224 0
0.9225 19
0.9225 24
0.9226 21
0.9228 15
0.923 26
0.9231 14
0.9231 20
0.9233 1
0.9233 7
0.9235 13
0.9236 6
0.9239 16
0.924 17
0.9244 29
0.9246 9
0.9248 27
0.9251 18
0.9252 22
0.9254 3
0.9255 2
0.9255 8
0.9255 12
0.9258 11
0.9259 15
0.9261 19
0.9261 26
0.9262 14
0.9262 21
0.9265 7
0.9266 16
0.9266 24
0.9267 20
0.9268 23
0.927 0
0.9272 5
0.9274 6
0.9274 9
0.9274 29
0.9278 27
0.9281 13
0.9282 1
0.9283 22
0.9286 3
0.929 15
0.9291 12
0.9292 2
0.9292 26
0.9293 14
0.9293 16
0.9295 18
0.9297 7
0.9297 19
0.9299 21
0.93 11
0.9302 9
0.9303 20
0.9304 17
0.9304 29
0.9307 24
0.9308 27
0.9312 6
0.9314 22
0.9316 8
0.9317 0
0.9318 3
0.932 16
0.9321 15
0.9323 26
0.9324 14
0.9326 13
0.9328 10
0.9328 12
0.9329 7
0.9329 23
0.933 2
0.9331 9
0.9332 1
0.9333 19
0.9334 29
0.9336 21
0.9337 27
0.9339 18
0.9339 20
0.9341 11
0.9345 22
0.9347 16
0.9348 24
0.9349 3
0.9351 6
0.9352 15
0.9354 26
0.9355 14
0.9359 9
0.9362 7
0.9364 0
0.9364 12
0.9364 29
0.9367 2
0.9367 27
0.9368 17
0.9369 19
0.937 5
0.9372 13
0.9373 21
0.9374 16
0.9375 20
0.9376 22
0.9377 8
0.9381 1
0.9381 3
0.9383 11
0.9383 15
0.9383 18
0.9385 14
0.9385 26
0.9387 9
0.9389 23
0.9389 24
0.939 6
0.9394 7
0.9394 29
0.9396 27
0.9399 12
0.9401 16
0.9404 2
0.9405 19
0.9407 22
0.941 0
0.941 21
0.9411 20
0.9413 3
0.9414 15
0.9416 9
0.9416 14
0.9416 26
0.9417 13
0.9424 11
0.9424 29
0.9426 7
0.9426 27
0.9428 16
0.9428 18
0.9429 6
0.943 24
0.9432 1
0.9433 17
0.9436 12
0.9438 8
0.9438 22
0.9441 19
0.9442 2
0.9444 9
0.9445 3
0.9445 15
0.9446 14
0.9447 20
0.9447 21
0.9447 26
0.9449 23
0.9454 29
0.9455 16
0.9456 0
0.9456 27
0.9458 7
0.9463 10
0.9464 13
0.9465 11
0.9467 6
0.9469 22
0.9471 5
0.9471 24
0.9472 9
0.9473 12
0.9473 18
0.9476 14
0.9476 15
0.9477 3
0.9477 19
0.9478 26
0.948 2
0.9481 1
0.9482 16
0.9483 20
0.9484 21
0.9484 29
0.9485 27
0.949 7
0.9497 17
0.9499 8
0.95 9
0.95 22
0.9503 0
0.9506 6
0.9506 11
0.9507 14
0.9508 15
0.9509 3
0.9509 16
0.9509 26
0.951 12
0.951 13
0.951 23
0.9512 24
0.9513 19
0.9514 29
0.9515 27
0.9517 18
0.9518 2
0.9519 20
0.9521 21
0.9522 7
0.9528 9
0.9529 1
0.9531 22
0.9536 16
0.9538 14
0.9539 15
0.954 3
0.954 26
0.9544 29
0.9545 6
0.9545 27
0.9547 11
0.9547 12
0.9549 19
0.955 0
0.9553 24
0.9555 2
0.9555 7
0.9556 20
0.9557 9
0.9557 13
0.9559 8
0.9559 21
0.9562 17
0.9562 22
0.9563 16
0.9563 18
0.9568 14
0.957 5
0.957 15
0.9571 3
0.9571 23
0.9571 26
0.9574 29
0.9575 27
0.9579 1
0.9583 6
0.9583 12
0.9584 19
0.9586 9
0.9587 7
0.9588 11
0.959 16
0.9592 2
0.9592 20
0.9593 22
0.9594 24
0.9596 0
0.9596 21
0.9599 14
0.96 10
0.9601 15
0.9602 13
0.9602 26
0.9603 3
0.9603 29
0.9605 27
0.9607 18
0.9614 9
0.9617 16
0.9619 7
0.9619 8
0.9619 12
0.962 19
0.9621 6
0.9624 22
0.9627 17
0.9628 1
0.9628 20
0.9629 2
0.9629 14
0.963 11
0.9631 23
0.9632 15
0.9632 21
0.9632 29
0.9633 26
0.9635 3
0.9635 24
0.9635 27
0.9642 0
0.9642 9
0.9644 16
0.9648 13
0.9651 7
0.9652 18
0.9655 22
0.9656 12
0.9656 19
0.9659 14
0.966 6
0.9662 29
0.9663 15
0.9664 20
0.9664 26
0.9665 5
0.9665 27
0.9666 2
0.9666 3
0.9669 21
0.9671 9
0.9671 16
0.9672 11
0.9676 24
0.9678 1
0.9679 8
0.9683 7
0.9686 22
0.9689 0
0.969 14
0.9691 17
0.9692 12
0.9692 19
0.9692 23
0.9692 29
0.9693 13
0.9694 15
0.9695 26
0.9695 27
0.9696 18
0.9697 3
0.9698 16
0.9699 6
0.9699 9
0.97 20
0.9703 2
0.9705 21
0.9713 11
0.9715 7
0.9717 22
0.9717 24
0.9721 14
0.9722 29
0.9725 15
0.9725 16
0.9725 27
0.9727 9
0.9727 26
0.9728 19
0.9729 1
0.9729 3
0.9729 12
0.9736 0
0.9736 20
0.9737 6
0.9739 8
0.974 2
0.974 10
0.974 13
0.9741 18
0.9742 21
0.9747 7
0.9748 22
0.9751 14
0.9752 16
0.9752 23
0.9752 29
0.9754 11
0.9754 27
0.9755 9
0.9756 15
0.9756 17
0.9758 24
0.9758 26
0.976 3
0.9762 5
0.9764 19
0.9765 12
0.9772 20
0.9775 6
0.9777 1
0.9778 2
0.9779 16
0.9779 21
0.978 7
0.978 22
0.9782 0
0.9782 14
0.9782 29
0.9783 9
0.9784 27
0.9785 13
0.9785 18
0.9787 15
0.9789 26
0.9791 3
0.9795 11
0.9799 8
0.9799 24
0.98 19
0.9801 12
0.9806 16
0.9808 20
0.9811 22
0.9812 7
0.9812 9
0.9812 29
0.9813 14
0.9813 23
0.9814 6
0.9814 27
0.9815 2
0.9816 21
0.9818 15
0.982 17
0.982 26
0.9823 3
0.9825 1
0.9828 0
0.983 18
0.9831 13
0.9833 16
0.9835 19
0.9836 11
0.9838 12
0.984 24
0.9841 9
0.9842 22
0.9842 29
0.9844 14
0.9844 20
0.9844 27
0.9845 7
0.9848 15
0.9851 26
0.9852 2
0.9852 21
0.9853 6
0.9854 3
0.9859 8
0.986 16
0.9864 5
0.9869 9
0.9871 19
0.9872 29
0.9873 22
0.9874 0
0.9874 23
0.9874 27
0.9875 1
0.9875 12
0.9875 14
0.9875 18
0.9877 7
0.9877 11
0.9877 13
0.9879 15
0.988 20
0.9881 24
0.9882 26
0.9884 10
0.9885 3
0.9885 17
0.9887 16
0.9888 2
0.9889 21
0.9892 6
0.9897 9
0.9902 29
0.9903 27
0.9904 22
0.9906 14
0.9906 19
0.9909 7
0.991 15
0.9912 12
0.9913 26
0.9914 16
0.9916 20
0.9917 3
0.9919 8
0.9919 11
0.9919 18
0.9921 0
0.9922 24
0.9923 1
0.9924 13
0.9925 9
0.9926 2
0.9926 21
0.993 6
0.9932 27
0.9932 29
0.9934 23
0.9935 22
0.9936 14
0.9941 7
0.9941 15
0.9941 16
0.9942 19
0.9944 26
0.9948 3
0.9949 12
0.995 17
0.9952 20
0.9953 9
0.9958 5
0.996 11
0.9962 21
0.9962 27
0.9962 29
0.9963 2
0.9963 24
0.9964 18
0.9966 22
0.9967 0
0.9967 14
0.9968 16
0.9969 6
0.9971 13
0.9972 15
0.9973 1
0.9973 7
0.9975 26
0.9977 19
0.9979 3
0.9979 8
0.9981 9
0.9984 12
0.9987 20
0.9992 27
0.9992 29
0.9994 23
0.9995 16
0.9997 22
0.9998 14
0.9998 21
