0.2163 0
0.2163 1
0.2163 2
0.2163 3
0.2163 4
0.2163 5
0.2163 6
0.2163 7
0.2163 8
0.2163 9
0.2222 2
0.2222 7
0.2222 9
0.2226 0
0.2226 3
0.2226 8
0.2232 1
0.2232 5
0.2233 6
0.2243 4
0.2272 2
0.2272 7
0.2272 9
0.2281 0
0.2281 3
0.2281 8
0.2294 1
0.2294 5
0.2296 6
0.2317 7
0.2319 2
0.2319 9
0.2323 4
0.2332 0
0.2332 3
0.2332 8
0.2352 1
0.2352 5
0.2355 6
0.236 7
0.2363 9
0.2363 16
0.2364 2
0.2378 0
0.2378 3
0.2378 8
0.2401 7
0.2403 4
0.2407 1
0.2407 9
0.2408 5
0.2409 2
0.2411 6
0.2416 13
0.2416 16
0.2421 0
0.2421 3
0.2421 8
0.244 7
0.2448 9
0.2452 2
0.246 1
0.2462 0
0.2462 3
0.2462 5
0.2462 8
0.2463 16
0.2466 6
0.2478 7
0.2479 13
0.2483 4
0.2483 29
0.2488 9
0.2493 2
0.2501 0
0.2501 3
0.2501 8
0.2506 16
0.2506 27
0.2511 1
0.2514 5
0.2515 7
0.2515 25
0.2519 6
0.2527 9
0.2533 2
0.2533 13
0.2539 0
0.2539 3
0.2539 8
0.2546 16
0.2551 7
0.2558 29
0.2561 1
0.2563 4
0.2565 5
0.2566 9
0.257 6
0.2573 2
0.2576 0
0.2576 3
0.2576 8
0.2583 13
0.2584 16
0.2586 12
0.2587 7
0.2588 27
0.2597 25
0.2603 9
0.261 1
0.2612 0
0.2612 3
0.2612 8
0.2613 2
0.2613 5
0.262 6
0.262 16
0.2622 7
0.2623 29
0.2628 13
0.263 22
0.2638 23
0.264 9
0.2643 4
0.2647 0
0.2647 3
0.2647 8
0.2652 2
0.2653 27
0.2656 16
0.2657 7
0.2659 1
0.266 5
0.2667 12
0.2667 25
0.2669 6
0.2671 13
0.2676 9
0.2682 0
0.2682 3
0.2682 8
0.2683 29
0.269 2
0.2691 16
0.2692 7
0.2704 14
0.2705 5
0.2705 11
0.2707 1
0.2709 27
0.2711 20
0.2712 9
0.2712 13
0.2714 19
0.2715 3
0.2716 0
0.2716 8
0.2718 6
0.2723 4
0.2724 16
0.2724 22
0.2726 2
0.2726 7
0.2728 12
0.273 25
0.2738 15
0.2738 29
0.2743 23
0.2747 9
0.2748 3
0.2749 5
0.2749 8
0.275 0
0.275 1
0.2751 13
0.2754 27
0.2756 16
0.2759 7
0.2762 2
0.2763 6
0.2776 14
0.278 3
0.2781 12
0.2782 8
0.2782 9
0.2783 0
0.2787 16
0.2789 13
0.2789 25
0.279 29
0.2792 5
0.2793 7
0.2794 1
0.2796 11
0.2797 22
0.2798 2
0.2798 20
0.2798 27
0.2803 4
0.2808 6
0.281 19
0.2811 3
0.2811 15
0.2814 8
0.2814 24
0.2816 0
0.2816 9
0.2817 16
0.2826 7
0.2826 13
0.2827 12
0.2831 23
0.2833 2
0.2834 1
0.2834 5
0.2834 14
0.2838 27
0.284 29
0.2842 3
0.2845 25
0.2846 8
0.2847 16
0.2849 0
0.2849 9
0.2851 6
0.2858 7
0.2859 22
0.2862 13
0.2865 20
0.2868 2
0.287 12
0.287 15
0.2873 3
0.2873 11
0.2874 1
0.2875 5
0.2877 8
0.2877 16
0.2877 27
0.2881 0
0.2882 9
0.2883 4
0.2889 14
0.2889 29
0.289 7
0.289 19
0.2892 6
0.2897 13
0.2898 25
0.2901 2
0.2903 3
0.2906 16
0.2906 24
0.2908 8
0.2908 18
0.2911 12
0.2911 17
0.2911 23
0.2913 0
0.2913 1
0.2914 27
0.2915 5
0.2915 9
0.2915 22
0.2918 21
0.292 15
0.2922 7
0.2922 20
0.2931 13
0.2932 6
0.2933 3
0.2933 29
0.2934 2
0.2935 16
0.2938 8
0.2939 14
0.2942 11
0.2944 0
0.2948 9
0.2949 25
0.295 1
0.295 12
0.295 27
0.2954 5
0.2954 7
0.2954 19
0.2955 4
0.2963 3
0.2963 16
0.2964 15
0.2965 13
0.2965 22
0.2966 2
0.2968 8
0.2971 6
0.2972 18
0.2972 20
0.2974 24
0.2975 0
0.2975 29
0.298 9
0.298 17
0.2984 23
0.2985 7
0.2985 14
0.2985 27
0.2986 1
0.2988 12
0.2991 16
0.2992 3
0.2993 5
0.2998 2
0.2998 8
0.2998 13
0.2998 25
0.3004 21
0.3005 11
0.3006 15
0.301 22
0.3011 19
0.3013 0
0.3016 29
0.3018 26
0.3019 16
0.3019 20
0.302 27
0.3025 9
0.3026 7
0.3026 12
0.3026 18
0.3027 3
0.303 14
0.3032 13
0.3032 24
0.3033 6
0.3035 8
0.3038 17
0.3044 15
0.3047 1
0.3047 2
0.3047 16
0.3052 25
0.3054 22
0.3055 0
0.3055 27
0.3056 29
0.3061 23
0.3062 3
0.3063 12
0.3066 19
0.3067 11
0.3067 13
0.3068 7
0.3069 20
0.3071 9
0.3072 8
0.3074 16
0.3074 18
0.3075 14
0.3078 21
0.3082 15
0.3085 24
0.3086 26
0.3089 27
0.3091 17
0.3096 29
0.3097 0
0.3097 3
0.3098 22
0.3099 2
0.31 5
0.31 6
0.3101 12
0.3102 16
0.3103 13
0.3105 1
0.3109 8
0.3112 7
0.3112 25
0.3119 9
0.3119 19
0.3119 20
0.312 14
0.312 15
0.312 18
0.3124 27
0.3129 11
0.313 16
0.3132 3
0.3135 24
0.3135 29
0.3137 12
0.3139 0
0.3139 13
0.3141 22
0.3142 17
0.3145 8
0.3145 26
0.3147 21
0.3151 2
0.3154 23
0.3157 7
0.3157 15
0.3158 16
0.3159 27
0.3161 6
0.3162 1
0.3164 14
0.3164 18
0.3166 3
0.3168 9
0.3169 20
0.3171 19
0.3173 12
0.3174 29
0.3175 13
0.3177 25
0.3181 8
0.3182 0
0.3183 22
0.3184 24
0.3185 16
0.319 11
0.3191 17
0.3193 15
0.3194 27
0.32 3
0.32 26
0.3204 7
0.3206 18
0.3207 5
0.3207 14
0.3208 2
0.321 12
0.3212 16
0.3212 21
0.3213 13
0.3214 29
0.3217 6
0.3217 8
0.3219 1
0.3219 9
0.322 20
0.3223 19
0.3225 0
0.3225 22
0.3228 15
0.3229 27
0.3231 24
0.3234 3
0.3239 17
0.324 16
0.3245 25
0.3246 12
0.3246 18
0.3249 11
0.325 7
0.325 13
0.325 14
0.3252 26
0.3253 8
0.3253 29
0.3263 15
0.3264 2
0.3264 27
0.3266 22
0.3267 16
0.3268 3
0.3269 0
0.327 6
0.327 9
0.3271 20
0.3271 23
0.3274 1
0.3274 19
0.3276 21
0.3277 24
0.3282 12
0.3286 17
0.3286 18
0.3287 13
0.3289 8
0.3291 29
0.3292 14
0.3294 16
0.3297 7
0.3297 15
0.3299 27
0.3301 26
0.3302 3
0.3306 22
0.3308 11
0.3313 0
0.3318 12
0.3319 5
0.332 6
0.3321 9
0.3321 16
0.3323 24
0.3324 20
0.3324 25
0.3325 2
0.3325 8
0.3325 13
0.3326 18
0.3326 19
0.3328 1
0.333 29
0.3332 15
0.3332 17
0.3334 14
0.3334 27
0.3336 3
0.3338 21
0.3344 7
0.3346 22
0.3348 16
0.3349 26
0.3353 12
0.3356 0
0.3361 8
0.3362 13
0.3365 18
0.3367 11
0.3367 15
0.3368 24
0.3368 29
0.3369 27
0.337 6
0.3371 3
0.3372 9
0.3375 16
0.3376 20
0.3377 14
0.3378 19
0.3379 17
0.3381 1
0.3385 2
0.3386 22
0.3388 12
0.3393 7
0.3395 26
0.3397 8
0.3399 0
0.3399 21
0.34 13
0.3402 15
0.3402 16
0.3402 18
0.3404 27
0.3405 3
0.3405 25
0.3406 29
0.3412 24
0.3418 6
0.342 14
0.3423 9
0.3423 23
0.3424 12
0.3425 11
0.3425 17
0.3427 22
0.3429 5
0.3429 16
0.3429 19
0.343 20
0.3433 8
0.3434 1
0.3436 15
0.3438 13
0.3439 3
0.3439 18
0.3439 27
0.3441 26
0.3442 0
0.3443 7
0.3444 29
0.3445 2
0.3455 24
0.3456 16
0.3459 12
0.346 21
0.3462 14
0.3465 6
0.3468 22
0.3469 8
0.347 15
0.347 17
0.3473 3
0.3474 9
0.3474 27
0.3476 13
0.3476 18
0.3479 19
0.3481 29
0.3482 20
0.3483 11
0.3483 16
0.3486 0
0.3487 26
0.3488 1
0.3489 25
0.3493 7
0.3494 12
0.3497 24
0.3502 14
0.3504 15
0.3505 2
0.3505 8
0.3508 3
0.3508 22
0.3509 27
0.351 16
0.3512 6
0.3513 18
0.3514 13
0.3514 17
0.3518 29
0.3519 21
0.3524 9
0.3528 19
0.3529 12
0.353 0
0.3533 26
0.3535 20
0.3537 5
0.3537 15
0.3537 16
0.354 24
0.3541 8
0.3541 11
0.3542 1
0.3543 3
0.3543 7
0.3543 14
0.3545 27
0.3548 22
0.3549 18
0.3552 13
0.3555 29
0.3558 6
0.3558 17
0.3563 2
0.3564 12
0.3564 16
0.357 15
0.3574 0
0.3575 9
0.3576 25
0.3577 3
0.3577 8
0.3577 19
0.3578 26
0.3579 21
0.3581 27
0.3583 24
0.3584 14
0.3585 18
0.3586 20
0.3588 22
0.359 13
0.3591 7
0.3591 16
0.3592 29
0.3595 1
0.3598 11
0.3599 12
0.3602 17
0.3603 6
0.3603 15
0.3611 3
0.3613 8
0.3616 27
0.3618 0
0.3618 16
0.362 18
0.3621 26
0.3623 2
0.3625 9
0.3626 14
0.3626 24
0.3627 19
0.3627 22
0.3628 13
0.3628 29
0.3631 23
0.3634 12
0.3636 15
0.3638 20
0.3639 21
0.3642 5
0.3642 7
0.3645 3
0.3645 16
0.3645 17
0.3648 1
0.3648 6
0.3648 8
0.3651 27
0.3655 11
0.3655 18
0.3657 28
0.3662 0
0.3663 29
0.3665 13
0.3665 22
0.3665 25
0.3665 26
0.3667 14
0.3668 12
0.3668 24
0.3669 15
0.3672 16
0.3675 9
0.3676 19
0.3679 3
0.368 2
0.3683 8
0.3687 27
0.3688 17
0.3688 20
0.369 18
0.3691 7
0.3693 6
0.3698 21
0.3699 16
0.3699 29
0.3701 1
0.3702 15
0.3703 12
0.3703 13
0.3703 22
0.3705 0
0.3708 14
0.3709 26
0.371 24
0.3712 11
0.3713 3
0.3718 8
0.3722 27
0.3725 9
0.3725 18
0.3725 19
0.3726 16
0.3731 17
0.3735 15
0.3735 29
0.3737 6
0.3738 12
0.374 2
0.374 20
0.3742 7
0.3742 13
0.3742 22
0.3746 5
0.3747 3
0.3748 0
0.3748 14
0.3752 24
0.3752 26
0.3753 1
0.3753 8
0.3753 16
0.3756 21
0.3757 25
0.3757 27
0.376 18
0.3768 15
0.3769 11
0.377 29
0.3772 12
0.3774 19
0.3775 9
0.3775 17
0.378 13
0.378 16
0.3781 3
0.3781 6
0.3782 22
0.3788 8
0.3788 14
0.379 20
0.3791 0
0.3791 7
0.3793 27
0.3794 18
0.3794 24
0.3795 26
0.3797 2
0.38 15
0.3804 1
0.3805 29
0.3806 12
0.3807 16
0.3813 21
0.3815 3
0.3818 13
0.3819 17
0.3821 22
0.3822 19
0.3823 8
0.3824 6
0.3825 9
0.3826 11
0.3829 14
0.3829 18
0.3829 27
0.3832 15
0.3834 16
0.3835 0
0.3836 24
0.3839 26
0.384 12
0.384 29
0.3841 7
0.3841 20
0.3847 5
0.3848 3
0.3849 25
0.3854 1
0.3855 13
0.3856 2
0.3858 8
0.386 22
0.3861 16
0.3862 17
0.3864 27
0.3865 15
0.3865 18
0.3868 6
0.387 21
0.3871 14
0.3871 19
0.3874 12
0.3875 9
0.3875 29
0.3877 24
0.3879 0
0.388 23
0.3882 3
0.3883 11
0.3883 26
0.3888 16
0.3889 7
0.389 20
0.3892 13
0.3893 8
0.3897 15
0.3899 22
0.3899 27
0.39 18
0.3904 1
0.3904 17
0.3904 28
0.3908 12
0.391 29
0.3911 6
0.3911 14
0.3914 2
0.3915 16
0.3916 3
0.3918 24
0.392 19
0.3923 0
0.3924 9
0.3925 26
0.3927 21
0.3928 8
0.393 13
0.393 15
0.3934 18
0.3935 27
0.3937 25
0.3938 7
0.3938 22
0.394 11
0.3941 20
0.3942 16
0.3943 12
0.3945 29
0.3947 17
0.3948 5
0.395 3
0.3951 14
0.3954 1
0.3954 6
0.3959 24
0.3962 15
0.3963 8
0.3966 26
0.3967 0
0.3967 13
0.3968 18
0.3969 16
0.3969 19
0.397 27
0.3971 2
0.3973 9
0.3976 22
0.3977 12
0.398 29
0.3983 3
0.3984 21
0.3986 7
0.399 17
0.399 20
0.3991 14
0.3994 15
0.3996 16
0.3997 6
0.3997 11
0.3998 8
0.4001 24
0.4002 18
0.4004 1
0.4004 13
0.4005 27
0.4008 26
0.401 0
0.401 12
0.4014 22
0.4014 29
0.4016 3
0.4017 19
0.4021 25
0.4022 9
0.4023 16
0.4026 15
0.4029 2
0.4031 14
0.4032 8
0.4033 17
0.4036 7
0.4036 18
0.404 6
0.4041 20
0.4041 21
0.4041 27
0.4042 24
0.4043 13
0.4044 12
0.4047 5
0.4048 29
0.4049 3
0.405 16
0.4051 26
0.4052 22
0.4053 0
0.4053 11
0.4055 1
0.4058 15
0.4064 19
0.4067 8
0.407 18
0.4071 9
0.4071 14
0.4075 17
0.4076 27
0.4077 16
0.4078 12
0.4081 13
0.4082 3
0.4083 2
0.4083 6
0.4083 24
0.4083 29
0.4084 7
0.409 15
0.409 20
0.409 22
0.4093 26
0.4095 0
0.4097 21
0.4102 8
0.4104 16
0.4104 18
0.4105 1
0.4106 25
0.4109 11
0.4111 19
0.4111 27
0.4112 12
0.4112 14
0.4114 23
0.4115 3
0.4117 29
0.4118 17
0.4118 28
0.4119 13
0.412 9
0.4122 15
0.4124 24
0.4125 6
0.4128 22
0.4131 16
0.4133 7
0.4135 26
0.4136 8
0.4137 18
0.4138 0
0.414 2
0.414 20
0.4146 5
0.4146 12
0.4146 27
0.4148 3
0.4151 29
0.4152 14
0.4153 21
0.4155 15
0.4156 1
0.4156 13
0.4158 16
0.4159 19
0.4162 17
0.4165 11
0.4165 24
0.4166 22
0.4167 6
0.4169 9
0.4171 8
0.4171 18
0.4177 26
0.4179 12
0.418 7
0.4181 0
0.4181 3
0.4182 27
0.4185 16
0.4185 29
0.4187 15
0.4189 20
0.419 25
0.4191 14
0.4192 13
0.4194 2
0.4204 22
0.4205 17
0.4205 18
0.4206 1
0.4206 8
0.4206 24
0.4207 19
0.4209 6
0.4209 21
0.4212 16
0.4213 12
0.4214 3
0.4217 27
0.4218 9
0.4219 15
0.4219 29
0.422 26
0.4221 11
0.4224 0
0.4229 7
0.4229 13
0.4231 14
0.4239 16
0.4239 18
0.4239 20
0.4241 8
0.4243 5
0.4243 22
0.4246 17
0.4247 3
0.4247 12
0.4247 24
0.4251 2
0.4251 15
0.4251 27
0.4252 6
0.4254 29
0.4255 1
0.4255 19
0.4261 26
0.4265 21
0.4266 13
0.4266 16
0.4267 0
0.4267 9
0.4272 14
0.4273 18
0.4273 25
0.4276 7
0.4276 8
0.4277 11
0.428 3
0.428 12
0.4282 15
0.4282 22
0.4286 27
0.4287 20
0.4287 24
0.4288 17
0.4288 29
0.4293 16
0.4294 6
0.4302 26
0.4303 1
0.4303 13
0.4303 19
0.4307 18
0.4308 2
0.431 0
0.4311 8
0.4312 14
0.4313 12
0.4313 28
0.4314 3
0.4314 15
0.4316 9
0.4319 16
0.432 21
0.432 22
0.4321 27
0.4323 29
0.4325 7
0.4327 24
0.4328 23
0.433 17
0.4333 11
0.4336 6
0.4337 20
0.4339 5
0.434 13
0.4341 18
0.4344 26
0.4346 8
0.4346 15
0.4346 16
0.4347 12
0.4348 3
0.435 19
0.4351 1
0.4352 14
0.4353 0
0.4356 27
0.4357 25
0.4357 29
0.4358 22
0.4363 2
0.4364 9
0.4367 24
0.4371 17
0.4372 7
0.4373 16
0.4375 18
0.4375 21
0.4377 13
0.4378 15
0.4379 6
0.4381 8
0.4381 12
0.4382 3
0.4385 20
0.4387 26
0.4389 11
0.4391 27
0.4391 29
0.4392 14
0.4395 22
0.4396 0
0.4397 19
0.4399 1
0.44 16
0.4408 24
0.4409 18
0.441 15
0.4412 17
0.4413 9
0.4414 12
0.4414 13
0.4416 3
0.4416 8
0.4418 2
0.4421 6
0.4421 7
0.4426 27
0.4426 29
0.4427 16
0.4429 26
0.443 21
0.4432 14
0.4433 5
0.4433 22
0.4434 20
0.4438 0
0.4442 15
0.4442 25
0.4443 18
0.4443 19
0.4445 11
0.4447 12
0.4448 1
0.4449 24
0.445 3
0.445 13
0.4451 8
0.4454 16
0.4454 17
0.4461 9
0.4461 27
0.4461 29
0.4463 6
0.4468 7
0.447 22
0.447 26
0.4471 2
0.4471 14
0.4474 15
0.4477 18
0.448 12
0.4481 0
0.4481 16
0.4482 20
0.4483 3
0.4486 8
0.4486 13
0.4486 21
0.449 19
0.449 24
0.4495 27
0.4495 29
0.4496 17
0.4497 1
0.4497 28
0.4501 11
0.4505 6
0.4506 15
0.4507 22
0.4508 16
0.4509 9
0.4511 14
0.4511 18
0.4511 26
0.4513 12
0.4516 3
0.4517 7
0.452 8
0.4523 13
0.4524 0
0.4526 2
0.4526 5
0.4527 25
0.4529 27
0.4529 29
0.453 24
0.4531 20
0.4535 16
0.4535 23
0.4538 15
0.4538 17
0.4538 19
0.4542 21
0.4545 18
0.4545 22
0.4546 1
0.4547 12
0.4548 6
0.455 3
0.4551 14
0.4553 26
0.4555 8
0.4558 9
0.4558 11
0.456 13
0.4562 16
0.4563 29
0.4564 7
0.4564 27
0.4567 0
0.4569 15
0.457 24
0.4579 17
0.4579 18
0.4579 20
0.458 2
0.4581 12
0.4584 3
0.4584 22
0.4586 19
0.4589 16
0.459 6
0.459 8
0.4591 14
0.4594 26
0.4595 1
0.4597 13
0.4597 21
0.4598 27
0.4598 29
0.4601 15
0.4606 9
0.461 0
0.461 24
0.461 25
0.4612 7
0.4612 18
0.4614 12
0.4615 11
0.4616 16
0.4618 3
0.462 5
0.4621 17
0.4623 22
0.4624 8
0.4628 20
0.4631 14
0.4632 6
0.4632 29
0.4633 13
0.4633 15
0.4633 27
0.4634 19
0.4635 26
0.4636 2
0.4643 1
0.4643 16
0.4645 18
0.4647 12
0.465 24
0.4651 3
0.4652 21
0.4654 0
0.4654 9
0.4658 7
0.4659 8
0.4661 22
0.4663 17
0.4665 15
0.4666 29
0.4668 27
0.4669 13
0.467 16
0.4671 14
0.4672 11
0.4674 6
0.4677 20
0.4677 26
0.4678 18
0.468 12
0.4681 19
0.4684 3
0.4684 28
0.469 24
0.4691 1
0.4692 2
0.4692 25
0.4694 8
0.4697 15
0.4697 16
0.4698 0
0.4699 22
0.4701 29
0.4702 9
0.4703 27
0.4705 17
0.4706 7
0.4706 21
0.4707 13
0.4711 14
0.4712 18
0.4713 12
0.4715 5
0.4716 6
0.4717 3
0.4719 26
0.4724 16
0.4726 20
0.4728 11
0.4728 19
0.4729 8
0.4729 15
0.473 24
0.4735 29
0.4737 22
0.4738 27
0.4739 1
0.4741 0
0.4744 13
0.4746 2
0.4746 12
0.4746 18
0.4747 17
0.475 9
0.4751 3
0.4751 14
0.4751 16
0.4751 23
0.4753 7
0.4758 6
0.476 21
0.476 26
0.4761 15
0.4763 8
0.4769 29
0.477 24
0.4771 25
0.4773 27
0.4774 19
0.4774 20
0.4775 22
0.4778 16
0.478 12
0.478 18
0.4781 13
0.4784 0
0.4785 3
0.4785 11
0.4787 1
0.4789 17
0.4791 14
0.4793 15
0.4798 8
0.4798 9
0.48 6
0.4801 26
0.4802 2
0.4802 7
0.4804 29
0.4805 16
0.4807 27
0.4809 5
0.4811 24
0.4813 12
0.4813 18
0.4813 22
0.4815 21
0.4817 13
0.4818 3
0.4821 19
0.4822 20
0.4825 15
0.4827 0
0.4831 14
0.4831 17
0.4832 16
0.4833 8
0.4835 1
0.4839 29
0.4841 6
0.4841 11
0.4841 27
0.4843 26
0.4846 9
0.4846 12
0.4846 18
0.4849 7
0.4849 25
0.485 22
0.4851 3
0.4852 24
0.4853 13
0.4855 2
0.4856 15
0.4858 16
0.4867 8
0.4868 19
0.4869 0
0.4869 20
0.487 28
0.4871 14
0.4871 21
0.4873 17
0.4874 29
0.4876 27
0.4879 12
0.488 18
0.4883 1
0.4883 6
0.4884 3
0.4885 16
0.4885 26
0.4887 22
0.4888 15
0.489 13
0.4893 24
0.4894 9
0.4897 7
0.4897 11
0.4901 8
0.4903 5
0.4908 29
0.491 2
0.4911 14
0.4911 27
0.4912 0
0.4912 16
0.4913 12
0.4914 18
0.4915 17
0.4916 19
0.4917 3
0.4917 20
0.492 15
0.4925 6
0.4925 22
0.4926 13
0.4926 21
0.4926 26
0.4929 25
0.4931 1
0.4933 24
0.4935 8
0.4939 16
0.4942 9
0.4942 29
0.4943 7
0.4946 12
0.4946 27
0.4948 18
0.4951 3
0.4951 14
0.4952 15
0.4953 11
0.4955 0
0.4958 17
0.4962 13
0.4962 23
0.4963 22
0.4964 19
0.4965 2
0.4966 6
0.4966 16
0.4966 20
0.4968 26
0.4969 8
0.4973 24
0.4977 29
0.4979 1
0.4979 12
0.498 21
0.4981 18
0.4981 27
0.4984 3
0.4984 15
0.499 9
0.4991 7
0.4991 14
0.4993 16
0.4996 5
0.4998 0
0.4999 13
0.5 17
0.5001 22
0.5003 8
0.5007 6
0.5009 11
0.5009 25
0.5011 19
0.5011 26
0.5011 29
0.5012 12
0.5013 24
0.5015 18
0.5015 20
0.5016 15
0.5016 27
0.5017 3
0.5019 2
0.502 16
0.5027 1
0.503 14
0.5034 21
0.5036 13
0.5038 7
0.5038 8
0.5038 9
0.5039 22
0.5041 0
0.5042 17
0.5042 28
0.5045 12
0.5045 29
0.5047 15
0.5047 16
0.5049 18
0.505 3
0.505 6
0.505 27
0.5053 24
0.5053 26
0.5058 19
0.5064 20
0.5065 11
0.507 14
0.5073 8
0.5073 13
0.5074 16
0.5075 2
0.5076 1
0.5077 22
0.5078 12
0.5079 15
0.508 29
0.5083 3
0.5083 17
0.5083 18
0.5085 0
0.5085 27
0.5086 9
0.5087 7
0.5088 21
0.5089 5
0.5091 25
0.5092 6
0.5093 24
0.5094 26
0.5101 16
0.5104 19
0.5107 8
0.5109 13
0.511 14
0.5111 12
0.5111 15
0.5112 20
0.5114 29
0.5115 22
0.5116 3
0.5116 18
0.512 27
0.5121 11
0.5124 17
0.5125 1
0.5128 0
0.5128 16
0.5129 2
0.5133 6
0.5133 24
0.5134 7
0.5134 9
0.5135 26
0.5142 8
0.5142 21
0.5143 15
0.5144 12
0.5145 13
0.5148 29
0.5149 3
0.515 14
0.515 18
0.515 19
0.5153 22
0.5155 16
0.5155 27
0.5159 20
0.5165 17
0.5171 0
0.5173 1
0.5173 23
0.5173 24
0.5175 6
0.5175 15
0.5175 25
0.5177 8
0.5177 11
0.5177 12
0.5177 26
0.5182 5
0.5182 9
0.5182 13
0.5182 16
0.5183 3
0.5183 7
0.5183 18
0.5183 29
0.5185 2
0.5189 27
0.519 14
0.519 22
0.5197 19
0.5197 21
0.5205 20
0.5206 15
0.5206 17
0.5209 16
0.521 12
0.521 28
0.5212 8
0.5214 0
0.5214 24
0.5216 3
0.5216 18
0.5217 6
0.5218 26
0.5218 29
0.5219 13
0.5221 1
0.5223 27
0.5227 22
0.523 7
0.523 9
0.523 14
0.5233 11
0.5236 16
0.5238 15
0.524 2
0.5243 12
0.5245 19
0.5246 8
0.5248 17
0.5249 3
0.525 18
0.5252 21
0.5253 20
0.5253 29
0.5255 24
0.5256 13
0.5256 25
0.5257 0
0.5258 27
0.5259 6
0.5259 26
0.5263 16
0.5264 22
0.5269 1
0.527 14
0.527 15
0.5276 12
0.5277 5
0.5278 7
0.5278 9
0.5281 8
0.5283 3
0.5283 18
0.5287 29
0.5289 11
0.529 16
0.5291 17
0.5292 13
0.5292 27
0.5293 19
0.5295 2
0.5296 24
0.5299 0
0.5301 6
0.5301 20
0.5301 26
0.5302 15
0.5302 22
0.5307 21
0.5309 12
0.5309 14
0.5316 3
0.5316 8
0.5316 18
0.5317 1
0.5317 16
0.5321 29
0.5324 7
0.5326 9
0.5326 27
0.5328 13
0.5333 17
0.5333 25
0.5334 15
0.5336 24
0.534 22
0.5341 0
0.5341 19
0.5343 6
0.5343 12
0.5343 26
0.5344 16
0.5346 11
0.5349 14
0.5349 18
0.535 3
0.535 8
0.5351 2
0.5351 20
0.5355 29
0.536 27
0.5361 21
0.5365 13
0.5366 1
0.5366 15
0.5371 5
0.5371 16
0.5372 7
0.5372 23
0.5374 9
0.5374 17
0.5376 12
0.5376 24
0.5378 22
0.5383 18
0.5383 28
0.5384 0
0.5384 3
0.5384 8
0.5384 26
0.5385 6
0.5388 19
0.5389 14
0.5389 29
0.5394 27
0.5398 15
0.5398 16
0.5399 20
0.5401 13
0.5403 11
0.5405 2
0.5409 12
0.5412 25
0.5415 17
0.5415 21
0.5416 1
0.5416 22
0.5416 24
0.5417 3
0.5417 18
0.5419 7
0.5419 8
0.5422 9
0.5424 16
0.5424 26
0.5424 29
0.5427 0
0.5427 6
0.5429 14
0.5429 27
0.543 15
0.5434 19
0.5437 13
0.5442 12
0.5448 20
0.545 18
0.5451 3
0.5451 16
0.5454 8
0.5455 22
0.5456 17
0.5456 24
0.5459 11
0.5459 29
0.5462 2
0.5462 15
0.5464 5
0.5464 27
0.5465 26
0.5466 1
0.5468 7
0.5469 6
0.5469 14
0.5469 21
0.547 0
0.547 9
0.5474 13
0.5475 12
0.5477 16
0.548 19
0.5483 18
0.5484 3
0.5488 8
0.5491 25
0.5493 15
0.5493 22
0.5493 29
0.5495 20
0.5496 24
0.5497 17
0.5499 27
0.5504 16
0.5507 26
0.5509 12
0.5509 14
0.5511 6
0.5512 13
0.5513 0
0.5515 11
0.5516 1
0.5516 7
0.5516 18
0.5517 2
0.5518 3
0.5519 9
0.5523 8
0.5523 21
0.5524 15
0.5527 19
0.5527 29
0.553 16
0.5531 22
0.5533 27
0.5536 24
0.5538 17
0.5542 12
0.5542 20
0.5548 14
0.5548 26
0.5549 13
0.5549 28
0.555 18
0.5552 3
0.5553 6
0.5556 0
0.5556 5
0.5556 15
0.5557 16
0.5558 8
0.5562 29
0.5564 7
0.5565 1
0.5567 27
0.5568 9
0.5568 22
0.5571 11
0.5572 25
0.5573 2
0.5575 12
0.5575 19
0.5576 24
0.5577 21
0.5579 23
0.558 17
0.5584 16
0.5584 18
0.5585 3
0.5585 13
0.5587 14
0.5588 15
0.5589 20
0.5589 26
0.5592 8
0.5595 6
0.5596 29
0.5599 0
0.5601 27
0.5605 22
0.5608 12
0.5611 7
0.5611 16
0.5613 1
0.5616 9
0.5617 24
0.5618 18
0.5619 3
0.562 15
0.5621 13
0.5623 17
0.5623 19
0.5626 8
0.5627 11
0.5627 14
0.5629 2
0.563 29
0.5631 26
0.5632 21
0.5636 6
0.5636 27
0.5638 16
0.5638 20
0.5641 0
0.5641 12
0.5642 22
0.5647 5
0.5651 18
0.5652 3
0.5652 15
0.5654 25
0.5657 13
0.5658 7
0.5658 24
0.566 1
0.5661 8
0.5664 9
0.5664 29
0.5665 16
0.5665 17
0.5668 14
0.567 19
0.5671 27
0.5673 26
0.5674 12
0.5678 6
0.568 22
0.5683 2
0.5683 11
0.5684 0
0.5684 15
0.5684 18
0.5685 3
0.5687 20
0.5687 21
0.5691 16
0.5693 13
0.5695 8
0.5698 24
0.5698 29
0.5705 7
0.5706 17
0.5706 27
0.5707 1
0.5707 12
0.5708 14
0.5712 9
0.5714 26
0.5716 15
0.5717 19
0.5718 3
0.5718 16
0.5718 18
0.5718 22
0.572 6
0.5721 28
0.5727 0
0.5729 8
0.573 13
0.5732 29
0.5735 25
0.5737 20
0.5738 5
0.5738 24
0.5739 2
0.5739 11
0.574 12
0.5741 21
0.5741 27
0.5745 16
0.5748 14
0.5748 15
0.5748 17
0.5751 3
0.5752 7
0.5752 18
0.5755 1
0.5755 26
0.5756 22
0.576 9
0.5762 6
0.5763 8
0.5763 19
0.5766 13
0.5766 29
0.577 0
0.5772 16
0.5773 12
0.5776 27
0.5778 24
0.578 15
0.5785 3
0.5785 20
0.5785 23
0.5786 18
0.5787 14
0.579 17
0.5793 2
0.5794 22
0.5795 11
0.5795 21
0.5797 8
0.5797 26
0.5799 7
0.5799 16
0.5801 29
0.5803 6
0.5803 13
0.5804 1
0.5806 12
0.5808 9
0.5809 19
0.5811 15
0.5811 27
0.5813 0
0.5815 25
0.5818 3
0.5818 24
0.5819 18
0.5826 14
0.5826 16
0.5829 5
0.5831 8
0.5831 17
0.5832 22
0.5833 20
0.5835 29
0.5839 12
0.5839 26
0.584 13
0.5843 15
0.5845 6
0.5846 7
0.5846 27
0.5848 2
0.5849 21
0.5852 3
0.5852 11
0.5852 18
0.5853 1
0.5853 16
0.5856 9
0.5856 19
0.5857 0
0.5858 24
0.5865 8
0.5865 14
0.5869 29
0.587 22
0.5872 12
0.5872 17
0.5874 15
0.5876 13
0.5879 20
0.588 16
0.588 26
0.588 27
0.5885 3
0.5885 18
0.5887 6
0.5888 28
0.5893 7
0.5895 25
0.5898 24
0.5899 8
0.59 0
0.5902 1
0.5903 19
0.5903 21
0.5903 29
0.5904 9
0.5905 2
0.5905 12
0.5906 14
0.5906 15
0.5907 16
0.5908 11
0.5908 22
0.5912 13
0.5914 17
0.5914 27
0.5918 3
0.5918 18
0.592 5
0.5921 26
0.5927 20
0.5928 6
0.5933 8
0.5934 16
0.5937 29
0.5938 12
0.5938 15
0.5938 24
0.5939 7
0.5943 0
0.5945 22
0.5946 14
0.5948 13
0.5948 27
0.595 1
0.595 19
0.5951 3
0.5952 9
0.5952 18
0.5956 17
0.5957 21
0.5959 2
0.596 16
0.5963 26
0.5964 11
0.5967 8
0.5969 6
0.5969 15
0.5971 12
0.5971 29
0.5972 25
0.5975 20
0.5978 24
0.5983 22
0.5983 27
0.5984 3
0.5985 7
0.5985 13
0.5985 14
0.5985 18
0.5986 0
0.5987 16
0.5992 23
0.5997 1
0.5997 19
0.5998 17
0.6 9
0.6001 15
0.6002 8
0.6004 12
0.6005 26
0.6005 29
0.601 6
0.6011 5
0.6011 21
0.6014 2
0.6014 16
0.6018 3
0.6018 18
0.6018 27
0.6019 24
0.602 11
0.6021 13
0.6021 22
0.6023 20
0.6024 14
0.6029 0
0.6031 7
0.6032 15
0.6036 8
0.6037 12
0.6039 17
0.6039 29
0.604 16
0.6043 1
0.6044 19
0.6046 26
0.6048 9
0.6049 25
0.6051 3
0.6051 18
0.6052 6
0.6052 27
0.6053 28
0.6057 13
0.6058 22
0.6059 24
0.6063 14
0.6064 15
0.6065 21
0.6067 2
0.6067 16
0.607 8
0.607 12
0.6071 0
0.6072 20
0.6073 29
0.6076 11
0.6078 7
0.608 17
0.6084 3
0.6085 18
0.6086 27
0.6087 26
0.609 1
0.609 19
0.6093 13
0.6093 16
0.6094 6
0.6095 9
0.6095 22
0.6096 15
0.6099 24
0.6102 14
0.6103 12
0.6104 5
0.6104 8
0.6107 29
0.6113 0
0.6117 3
0.6118 18
0.6119 21
0.612 2
0.612 16
0.612 20
0.6121 17
0.6121 27
0.6124 7
0.6127 25
0.6128 15
0.6129 13
0.6129 26
0.6131 11
0.6132 22
0.6135 6
0.6136 12
0.6136 19
0.6138 1
0.6138 8
0.6139 24
0.6141 29
0.6142 14
0.6143 9
0.6146 16
0.615 3
0.6151 18
0.6155 27
0.6156 0
0.6159 15
0.6162 17
0.6166 13
0.6168 20
0.6169 12
0.617 22
0.6171 7
0.6171 26
0.6172 8
0.6173 2
0.6173 16
0.6173 21
0.6176 6
0.6176 29
0.6179 24
0.6182 19
0.6183 3
0.6183 14
0.6183 23
0.6185 18
0.6186 1
0.6186 11
0.6189 27
0.6191 9
0.6191 15
0.6196 5
0.6199 0
0.62 16
0.6202 12
0.6203 13
0.6203 17
0.6206 8
0.6206 25
0.6208 22
0.621 29
0.6212 26
0.6214 20
0.6216 3
0.6216 7
0.6218 6
0.6219 18
0.6219 24
0.6219 28
0.6223 14
0.6223 15
0.6223 27
0.6226 2
0.6227 16
0.6227 21
0.6229 19
0.6234 1
0.6235 12
0.6239 9
0.6239 13
0.624 8
0.6242 0
0.6242 11
0.6244 29
0.6245 17
0.6246 22
0.6249 3
0.6253 18
0.6253 26
0.6254 15
0.6254 16
0.6258 27
0.6259 24
0.626 6
0.6261 20
0.6262 7
0.6262 14
0.6268 12
0.6274 8
0.6275 13
0.6276 19
0.6278 29
0.6281 2
0.6281 16
0.6281 21
0.6282 1
0.6282 3
0.6284 22
0.6285 0
0.6286 15
0.6286 17
0.6287 9
0.6287 18
0.6288 25
0.6289 5
0.6292 27
0.6294 26
0.6297 11
0.6299 24
0.6301 6
0.6301 12
0.6301 14
0.6307 7
0.6307 16
0.6307 20
0.6308 8
0.6311 13
0.6312 29
0.6315 3
0.6318 15
0.6321 18
0.6321 22
0.6323 19
0.6326 27
0.6327 17
0.6328 0
0.6328 1
0.6334 2
0.6334 12
0.6334 16
0.6334 21
0.6335 9
0.6335 26
0.6339 24
0.6341 14
0.6342 6
0.6342 8
0.6346 29
0.6347 13
0.6348 3
0.635 15
0.6352 11
0.6353 7
0.6354 18
0.6355 20
0.6358 22
0.636 16
0.636 27
0.6367 12
0.6368 17
0.6369 25
0.637 0
0.637 19
0.6374 1
0.6375 23
0.6375 26
0.6377 8
0.6379 24
0.6379 28
0.638 14
0.6381 5
0.6381 29
0.6382 3
0.6382 15
0.6383 9
0.6383 13
0.6384 6
0.6387 16
0.6387 18
0.6387 21
0.6388 2
0.6394 27
0.6395 22
0.6399 7
0.64 12
0.6402 20
0.6408 11
0.641 17
0.6412 8
0.6413 0
0.6414 15
0.6414 16
0.6415 3
0.6415 29
0.6416 19
0.6416 26
0.6419 13
0.642 1
0.642 14
0.642 24
0.6421 18
0.6426 6
0.6428 27
0.643 9
0.6432 22
0.6433 12
0.644 2
0.644 21
0.6441 16
0.6445 25
0.6446 7
0.6446 15
0.6447 8
0.6448 3
0.6449 29
0.645 20
0.6452 17
0.6455 0
0.6455 18
0.6456 13
0.6458 26
0.646 14
0.646 24
0.6462 19
0.6462 27
0.6464 11
0.6466 12
0.6467 1
0.6467 6
0.6468 16
0.6469 22
0.6473 5
0.6477 9
0.6478 15
0.6481 3
0.6482 8
0.6483 29
0.6488 18
0.6492 2
0.6492 7
0.6492 13
0.6493 17
0.6494 21
0.6495 16
0.6497 0
0.6497 20
0.6497 27
0.6499 14
0.65 12
0.65 24
0.65 26
0.6506 22
0.6508 19
0.6509 6
0.6509 15
0.6514 1
0.6514 3
0.6517 8
0.6517 29
0.652 11
0.652 25
0.6521 18
0.6522 16
0.6525 9
0.6528 13
0.6532 27
0.6533 12
0.6534 17
0.6537 28
0.6538 14
0.6539 0
0.6539 7
0.654 15
0.654 24
0.6541 26
0.6544 22
0.6545 2
0.6545 20
0.6547 3
0.6548 16
0.6548 21
0.6551 6
0.6551 8
0.6552 29
0.6554 18
0.6554 19
0.6554 23
0.6561 1
0.6564 13
0.6566 12
0.6566 27
0.6567 5
0.6572 15
0.6573 9
0.6575 16
0.6576 11
0.6576 17
0.6578 14
0.658 24
0.6581 3
0.6582 0
0.6582 22
0.6582 26
0.6585 7
0.6585 8
0.6587 18
0.6587 29
0.6592 6
0.6592 20
0.6596 25
0.6597 2
0.6599 12
0.66 13
0.66 19
0.66 27
0.6602 16
0.6602 21
0.6604 15
0.6608 1
0.6614 3
0.6617 17
0.6618 14
0.6619 8
0.662 9
0.662 18
0.662 22
0.662 24
0.6621 29
0.6623 26
0.6625 0
0.6629 16
0.6631 7
0.6632 11
0.6632 12
0.6633 6
0.6635 15
0.6635 27
0.6637 13
0.664 20
0.6647 3
0.6647 19
0.6652 2
0.6653 8
0.6653 18
0.6655 1
0.6655 29
0.6656 16
0.6656 21
0.6657 14
0.6658 17
0.6658 22
0.6659 5
0.666 24
0.6664 26
0.6665 12
0.6666 15
0.6668 0
0.6668 9
0.667 27
0.6674 6
0.6674 13
0.6674 25
0.6677 7
0.668 3
0.6683 16
0.6686 18
0.6687 8
0.6687 20
0.6688 11
0.6689 29
0.6694 19
0.6696 22
0.6697 14
0.6697 28
0.6698 12
0.6698 15
0.67 17
0.67 24
0.6702 1
0.6704 27
0.6705 2
0.6705 26
0.6709 16
0.6709 21
0.6711 0
0.6711 13
0.6713 3
0.6715 9
0.6716 6
0.6719 18
0.6721 8
0.6723 7
0.6723 29
0.6729 15
0.6731 12
0.6732 23
0.6734 22
0.6735 20
0.6736 16
0.6737 14
0.6738 27
0.674 24
0.6741 19
0.6743 17
0.6744 11
0.6746 3
0.6747 13
0.6747 26
0.6749 1
0.675 5
0.6752 18
0.6754 0
0.6755 8
0.6755 25
0.6758 6
0.6758 29
0.6759 2
0.6761 15
0.6762 9
0.6762 16
0.6762 21
0.6764 12
0.6769 7
0.6771 22
0.6773 27
0.6776 14
0.6779 3
0.678 24
0.6781 20
0.6782 13
0.6785 17
0.6786 18
0.6787 19
0.6789 8
0.6789 16
0.6789 26
0.6792 15
0.6792 29
0.6796 0
0.6796 1
0.6797 12
0.6799 6
0.6799 11
0.6807 27
0.6808 22
0.6809 9
0.6812 2
0.6812 3
0.6814 21
0.6815 14
0.6816 7
0.6816 16
0.6818 13
0.682 18
0.6821 24
0.6823 8
0.6823 15
0.6826 17
0.6826 29
0.6828 20
0.683 12
0.6831 26
0.6833 19
0.6835 25
0.6838 0
0.6839 5
0.684 6
0.6841 27
0.6842 1
0.6843 16
0.6845 3
0.6845 22
0.6852 28
0.6853 13
0.6853 18
0.6854 11
0.6855 14
0.6855 15
0.6856 9
0.6857 8
0.686 29
0.6861 24
0.6862 7
0.6863 12
0.6864 2
0.6867 17
0.6867 21
0.6869 16
0.6872 26
0.6874 20
0.6875 27
0.6877 3
0.6879 19
0.688 0
0.6882 6
0.6882 22
0.6887 15
0.6887 18
0.6888 1
0.6889 13
0.6891 8
0.6894 29
0.6895 14
0.6896 12
0.6896 16
0.6901 24
0.6903 9
0.6908 17
0.6909 7
0.6909 11
0.6909 27
0.691 3
0.6911 25
0.6914 26
0.6918 2
0.6919 15
0.6919 23
0.692 22
0.6921 18
0.6921 21
0.6922 0
0.6923 16
0.6923 20
0.6924 6
0.6925 8
0.6925 19
0.6926 13
0.6928 29
0.6929 5
0.6929 12
0.6934 1
0.6934 14
0.6941 24
0.6943 3
0.6943 27
0.6948 17
0.695 9
0.695 16
0.6951 15
0.6954 18
0.6955 7
0.6955 26
0.6957 22
0.6959 8
0.6962 12
0.6962 29
0.6963 13
0.6964 0
0.6964 11
0.6965 6
0.6971 2
0.6971 20
0.6972 19
0.6973 14
0.6975 21
0.6976 3
0.6976 16
0.6977 27
0.6981 1
0.6981 24
0.6982 15
0.6985 25
0.6987 18
0.6988 17
0.6993 8
0.6994 12
0.6994 22
0.6996 26
0.6996 29
0.6997 9
0.7 13
0.7001 7
0.7003 16
0.7006 6
0.7007 0
0.7009 3
0.7011 27
0.7012 28
0.7013 14
0.7014 15
0.7017 5
0.7018 19
0.7019 11
0.702 18
0.702 20
0.7021 24
0.7026 2
0.7027 8
0.7027 12
0.7029 1
0.7029 16
0.7029 17
0.7029 21
0.703 29
0.7032 22
0.7036 13
0.7036 26
0.7041 3
0.7044 9
0.7046 15
0.7046 27
0.7047 7
0.7048 6
0.705 0
0.7052 14
0.7054 18
0.7056 16
0.7059 25
0.706 12
0.7061 8
0.7061 24
0.7064 19
0.7064 29
0.7067 20
0.707 22
0.7071 17
0.7072 13
0.7074 3
0.7074 11
0.7077 1
0.7077 26
0.7078 15
0.708 2
0.708 27
0.7082 21
0.7083 16
0.7087 18
0.709 6
0.7091 9
0.7091 14
0.7093 0
0.7093 12
0.7094 7
0.7095 8
0.7098 29
0.7101 23
0.7101 24
0.7106 5
0.7107 3
0.7108 13
0.7108 22
0.7109 15
0.7109 16
0.711 19
0.7112 17
0.7114 20
0.7114 27
0.7118 26
0.712 18
0.7125 1
0.7126 12
0.7129 8
0.713 11
0.713 14
0.7131 6
0.7133 2
0.7133 29
0.7135 21
0.7135 25
0.7136 0
0.7136 16
0.7138 9
0.714 3
0.714 7
0.714 15
0.7141 24
0.7144 13
0.7145 22
0.7148 27
0.7153 17
0.7153 18
0.7156 19
0.7159 12
0.716 20
0.716 26
0.7163 8
0.7163 16
0.7167 29
0.7169 14
0.7169 28
0.7172 1
0.7172 15
0.7173 3
0.7173 6
0.7179 0
0.7181 13
0.7181 24
0.7182 22
0.7182 27
0.7185 9
0.7185 11
0.7186 18
0.7187 2
0.7187 21
0.7188 7
0.719 16
0.7192 12
0.7194 17
0.7196 5
0.7197 8
0.72 29
0.7201 26
0.7202 19
0.7203 15
0.7206 3
0.7207 20
0.7208 14
0.7213 25
0.7214 6
0.7216 27
0.7217 13
0.7217 16
0.7218 1
0.7219 18
0.7219 22
0.7222 0
0.7222 24
0.7224 12
0.7232 8
0.7232 9
0.7234 7
0.7234 29
0.7235 15
0.7235 17
0.724 2
0.724 3
0.724 21
0.7241 11
0.7242 26
0.7244 16
0.7248 14
0.7249 19
0.725 27
0.7252 18
0.7253 13
0.7254 20
0.7255 6
0.7256 22
0.7257 12
0.7262 24
0.7264 0
0.7264 1
0.7266 15
0.7267 8
0.7268 29
0.727 16
0.7273 3
0.7275 17
0.7279 9
0.7281 7
0.7283 26
0.7285 18
0.7285 27
0.7286 5
0.7288 14
0.7288 23
0.729 12
0.729 13
0.7291 25
0.7293 22
0.7294 2
0.7294 21
0.7296 6
0.7296 19
0.7297 11
0.7297 15
0.7297 16
0.7301 8
0.7302 20
0.7302 24
0.7302 29
0.7306 3
0.7307 0
0.7311 1
0.7315 17
0.7318 18
0.7319 27
0.7323 12
0.7323 26
0.7323 28
0.7324 16
0.7326 9
0.7326 13
0.7327 7
0.7328 14
0.7329 15
0.733 22
0.7335 8
0.7336 29
0.7337 6
0.7339 3
0.7342 19
0.7342 24
0.7348 2
0.7348 21
0.7349 0
0.735 20
0.7351 16
0.7351 18
0.7353 11
0.7354 27
0.7356 12
0.7356 17
0.7359 1
0.736 15
0.7362 13
0.7364 26
0.7367 14
0.7367 22
0.7368 25
0.7369 8
0.737 29
0.7372 3
0.7373 9
0.7374 7
0.7377 5
0.7377 16
0.7378 6
0.7382 24
0.7384 18
0.7388 19
0.7388 27
0.7389 12
0.7391 0
0.7392 15
0.7397 13
0.7397 20
0.7398 17
0.7401 2
0.7402 21
0.7403 8
0.7404 16
0.7404 29
0.7405 22
0.7405 26
0.7406 3
0.7407 1
0.7407 14
0.7409 11
0.7417 18
0.742 6
0.742 7
0.742 9
0.7422 12
0.7422 24
0.7422 27
0.7423 15
0.743 16
0.7433 0
0.7433 13
0.7434 19
0.7437 8
0.7438 29
0.7439 3
0.7439 17
0.7443 22
0.7444 20
0.7444 25
0.7446 14
0.7446 26
0.745 18
0.7455 1
0.7455 12
0.7455 15
0.7455 21
0.7456 2
0.7456 27
0.7457 16
0.7461 6
0.7462 24
0.7464 11
0.7467 9
0.7468 5
0.7468 7
0.747 13
0.7471 8
0.7472 3
0.7472 23
0.7472 29
0.7476 0
0.748 19
0.7481 17
0.7481 22
0.7482 28
0.7484 16
0.7484 18
0.7485 14
0.7486 15
0.7487 26
0.7488 12
0.749 20
0.749 27
0.7502 6
0.7502 24
0.7503 1
0.7506 3
0.7506 8
0.7506 13
0.7507 29
0.7508 2
0.7508 21
0.7511 16
0.7514 7
0.7514 9
0.7518 15
0.7518 18
0.7518 22
0.7519 0
0.752 11
0.752 25
0.7521 12
0.7523 17
0.7525 14
0.7525 27
0.7526 19
0.7529 26
0.7537 16
0.7537 20
0.7539 3
0.754 8
0.7541 29
0.7542 13
0.7542 24
0.7544 6
0.755 1
0.755 15
0.7551 18
0.7554 12
0.7555 22
0.7559 5
0.756 21
0.756 27
0.7561 9
0.7562 0
0.7562 2
0.7562 7
0.7564 16
0.7565 14
0.7565 17
0.757 26
0.7572 3
0.7573 19
0.7574 8
0.7575 11
0.7575 29
0.7577 13
0.7581 15
0.7582 24
0.7583 20
0.7584 18
0.7586 6
0.7587 12
0.7591 16
0.7592 22
0.7594 27
0.7596 1
0.7598 25
0.7604 14
0.7605 0
0.7605 3
0.7606 17
0.7608 9
0.7609 7
0.7609 8
0.761 29
0.7611 26
0.7613 13
0.7613 15
0.7613 21
0.7615 2
0.7617 18
0.7618 16
0.762 12
0.762 19
0.7622 24
0.7627 6
0.7628 27
0.7629 22
0.763 11
0.7631 20
0.7637 28
0.7638 3
0.7643 1
0.7643 14
0.7644 8
0.7644 29
0.7645 15
0.7645 16
0.7647 17
0.7648 0
0.765 13
0.765 18
0.7651 5
0.7651 26
0.7653 12
0.7656 7
0.7656 9
0.7658 23
0.7662 24
0.7662 27
0.7666 22
0.7667 19
0.7667 21
0.7668 2
0.7668 6
0.7672 3
0.7672 16
0.7675 25
0.7677 15
0.7678 8
0.7678 20
0.7678 29
0.7682 14
0.7683 18
0.7686 11
0.7686 12
0.7686 13
0.7689 17
0.769 0
0.769 1
0.7692 26
0.7696 27
0.7698 16
0.7702 7
0.7702 24
0.7703 9
0.7703 22
0.7705 3
0.7709 15
0.771 6
0.7712 8
0.7713 19
0.7713 29
0.7717 18
0.7719 12
0.7721 2
0.7721 14
0.7721 21
0.7722 13
0.7725 16
0.7726 20
0.773 17
0.773 27
0.7732 0
0.7734 26
0.7738 1
0.7738 3
0.774 22
0.7741 5
0.7741 15
0.7741 24
0.7742 11
0.7747 8
0.7748 7
0.7748 29
0.7751 9
0.7751 18
0.7752 6
0.7752 12
0.7752 16
0.7752 25
0.7758 13
0.7759 19
0.776 14
0.7764 27
0.7771 3
0.7771 17
0.7772 2
0.7772 15
0.7773 20
0.7774 0
0.7775 21
0.7775 26
0.7778 22
0.7779 16
0.7781 8
0.7781 24
0.7783 29
0.7784 18
0.7785 12
0.7786 1
0.7792 28
0.7793 6
0.7794 7
0.7795 13
0.7798 9
0.7798 11
0.7798 27
0.78 14
0.7804 3
0.7804 15
0.7805 16
0.7805 19
0.7812 17
0.7815 8
0.7816 0
0.7816 22
0.7816 26
0.7817 18
0.7817 29
0.7818 12
0.7821 20
0.7821 24
0.7826 2
0.7828 21
0.7831 5
0.7832 13
0.7832 16
0.7832 25
0.7832 27
0.7834 1
0.7834 23
0.7835 6
0.7836 15
0.7837 3
0.784 14
0.7841 7
0.7845 9
0.7849 8
0.785 12
0.785 18
0.7851 19
0.7851 29
0.7854 11
0.7854 17
0.7854 22
0.7858 0
0.7858 16
0.7858 26
0.7861 24
0.7866 27
0.7867 15
0.7868 13
0.7868 20
0.787 3
0.7877 6
0.7878 2
0.7879 14
0.7881 21
0.7882 1
0.7883 8
0.7883 12
0.7883 18
0.7885 16
0.7886 29
0.7887 7
0.7891 22
0.7893 9
0.7895 17
0.7897 19
0.7898 15
0.7899 26
0.79 27
0.7901 0
0.7901 24
0.7903 3
0.7904 13
0.791 11
0.791 25
0.7912 16
0.7916 18
0.7916 20
0.7917 8
0.7917 12
0.7918 6
0.7918 14
0.792 5
0.7921 29
0.7928 22
0.7929 15
0.793 1
0.7932 2
0.7934 7
0.7934 21
0.7934 27
0.7936 3
0.7936 17
0.7938 16
0.7939 26
0.794 9
0.794 13
0.7941 24
0.7943 19
0.7944 0
0.7949 18
0.7949 28
0.795 12
0.7951 8
0.7955 29
0.7957 14
0.7959 6
0.796 15
0.7963 20
0.7965 16
0.7966 11
0.7966 22
0.7968 27
0.7969 3
0.7976 13
0.7977 17
0.7978 1
0.798 7
0.798 26
0.7981 24
0.7982 18
0.7983 12
0.7985 8
0.7986 2
0.7987 0
0.7987 25
0.7988 9
0.7988 21
0.7989 29
0.799 19
0.7991 16
0.7992 15
0.7997 14
0.8001 6
0.8002 3
0.8002 27
0.8003 22
0.8009 23
0.801 5
0.8011 20
0.8012 13
0.8015 18
0.8016 12
0.8018 16
0.8018 17
0.8019 8
0.8021 24
0.8022 11
0.8022 26
0.8023 29
0.8024 15
0.8026 1
0.8026 7
0.803 0
0.8035 3
0.8035 9
0.8036 27
0.8037 14
0.8037 19
0.8039 2
0.804 22
0.8042 6
0.8042 21
0.8044 16
0.8048 13
0.8048 18
0.8049 12
0.8053 8
0.8055 15
0.8056 29
0.8057 20
0.8058 17
0.8061 24
0.8063 25
0.8063 26
0.8068 3
0.8071 16
0.8071 27
0.8072 7
0.8073 0
0.8074 1
0.8077 11
0.8077 14
0.8077 22
0.8082 12
0.8082 18
0.8083 9
0.8083 19
0.8084 6
0.8085 13
0.8087 8
0.8087 15
0.809 29
0.8094 2
0.8095 21
0.8097 16
0.8098 17
0.8099 5
0.8101 3
0.8101 24
0.8104 20
0.8104 26
0.8106 27
0.8107 28
0.8114 22
0.8115 0
0.8115 12
0.8116 14
0.8116 18
0.8117 7
0.8119 15
0.8121 1
0.8121 13
0.8122 8
0.8123 16
0.8124 29
0.8125 6
0.8129 19
0.8131 9
0.8132 11
0.8134 3
0.8138 25
0.8139 17
0.814 24
0.814 27
0.8145 26
0.8146 2
0.8148 12
0.8149 18
0.8149 21
0.815 16
0.8151 15
0.8151 20
0.8151 22
0.8155 14
0.8156 8
0.8157 0
0.8158 13
0.8158 29
0.8163 7
0.8167 3
0.8167 6
0.8168 1
0.8174 27
0.8175 19
0.8176 16
0.8178 9
0.818 17
0.818 24
0.8181 12
0.8182 18
0.8183 15
0.8187 11
0.8187 26
0.8189 22
0.819 5
0.819 8
0.8192 29
0.8194 13
0.8194 14
0.8199 0
0.8199 2
0.8199 20
0.82 3
0.8201 23
0.8202 21
0.8203 16
0.8208 6
0.8208 7
0.8208 27
0.8214 12
0.8214 15
0.8215 1
0.8215 25
0.8216 18
0.822 24
0.8221 17
0.8221 19
0.8224 8
0.8226 9
0.8226 29
0.8227 22
0.8228 26
0.8229 13
0.823 16
0.8233 3
0.8234 14
0.8241 0
0.8242 11
0.8243 27
0.8245 15
0.8247 12
0.8247 20
0.8249 18
0.825 6
0.8252 2
0.8254 7
0.8255 21
0.8256 16
0.8258 8
0.826 24
0.826 29
0.8262 1
0.8262 17
0.8264 28
0.8265 13
0.8265 22
0.8266 3
0.8267 19
0.8268 26
0.8273 9
0.8274 14
0.8277 15
0.8278 27
0.828 12
0.8282 5
0.8282 18
0.8283 16
0.8284 0
0.8291 6
0.8292 8
0.8293 25
0.8294 29
0.8295 20
0.8297 11
0.8299 3
0.8299 7
0.83 24
0.8301 13
0.8303 22
0.8304 17
0.8305 2
0.8308 21
0.8309 15
0.8309 26
0.831 1
0.831 16
0.8312 27
0.8313 12
0.8313 19
0.8314 14
0.8316 18
0.832 9
0.8326 8
0.8327 0
0.8328 29
0.8332 3
0.8333 6
0.8337 13
0.8337 16
0.834 24
0.8341 15
0.8341 22
0.8343 20
0.8345 7
0.8346 12
0.8346 17
0.8347 27
0.8349 18
0.8351 26
0.8352 11
0.8354 14
0.8358 1
0.836 19
0.8361 2
0.8361 8
0.8362 21
0.8362 29
0.8363 16
0.8365 3
0.8368 9
0.837 0
0.8372 15
0.8373 25
0.8374 5
0.8374 13
0.8375 6
0.8378 22
0.8379 12
0.838 24
0.8381 23
0.8382 18
0.8382 27
0.8387 17
0.8389 20
0.839 7
0.839 16
0.8392 26
0.8393 14
0.8395 8
0.8396 29
0.8398 3
0.8404 15
0.8406 1
0.8406 19
0.8407 11
0.841 13
0.8412 12
0.8413 0
0.8414 2
0.8415 18
0.8415 21
0.8415 22
0.8416 9
0.8416 16
0.8416 27
0.8417 6
0.842 24
0.842 28
0.8427 17
0.8429 8
0.843 29
0.8431 3
0.8431 14
0.8433 26
0.8435 15
0.8435 20
0.8436 7
0.8443 16
0.8445 12
0.8447 13
0.8448 18
0.845 27
0.8452 19
0.8452 22
0.8453 1
0.8454 25
0.8455 0
0.8458 6
0.846 24
0.8463 11
0.8464 8
0.8464 9
0.8464 29
0.8465 3
0.8467 5
0.8467 15
0.8468 17
0.8468 21
0.8469 2
0.847 14
0.847 16
0.8474 26
0.8478 12
0.8481 18
0.8482 7
0.8482 20
0.8483 13
0.8484 27
0.8489 22
0.8497 16
0.8498 0
0.8498 3
0.8498 15
0.8498 19
0.8498 29
0.8499 1
0.8499 8
0.85 6
0.85 24
0.851 14
0.851 17
0.8511 12
0.8512 9
0.8514 18
0.8516 26
0.8518 27
0.8519 11
0.8519 13
0.8521 21
0.8522 2
0.8524 16
0.8527 22
0.8529 7
0.8529 15
0.853 20
0.853 25
0.8531 3
0.8532 29
0.8533 8
0.8539 24
0.854 0
0.8541 6
0.8544 12
0.8544 19
0.8545 1
0.8548 18
0.855 14
0.855 16
0.8552 17
0.8552 27
0.8555 13
0.8557 26
0.8559 5
0.8559 9
0.8561 15
0.8564 3
0.8565 22
0.8566 23
0.8566 29
0.8567 8
0.8574 21
0.8575 2
0.8575 7
0.8575 11
0.8577 16
0.8578 12
0.8578 20
0.8579 24
0.8579 28
0.8582 0
0.8582 6
0.8582 18
0.8586 27
0.8589 14
0.859 13
0.859 19
0.8592 1
0.8592 15
0.8594 17
0.8597 3
0.8597 26
0.86 29
0.8602 8
0.8603 16
0.8603 22
0.8604 25
0.8606 9
0.8611 12
0.8615 18
0.8619 24
0.8621 27
0.8622 7
0.8624 0
0.8624 6
0.8624 15
0.8627 13
0.8627 20
0.8628 21
0.8629 2
0.8629 14
0.863 16
0.8631 3
0.8631 11
0.8634 29
0.8636 8
0.8636 17
0.8637 19
0.8639 26
0.864 1
0.8641 22
0.8643 12
0.8648 18
0.8651 5
0.8653 9
0.8655 27
0.8656 15
0.8656 16
0.8659 24
0.8664 3
0.8664 13
0.8666 6
0.8667 0
0.8668 7
0.8668 14
0.8669 29
0.867 8
0.8674 20
0.8676 12
0.8678 17
0.8679 22
0.868 25
0.8681 18
0.8681 26
0.8682 21
0.8683 2
0.8683 16
0.8684 19
0.8687 11
0.8688 1
0.8688 15
0.8688 27
0.8697 3
0.8699 24
0.87 9
0.87 13
0.8703 29
0.8704 8
0.8707 6
0.8707 14
0.8709 12
0.871 0
0.871 16
0.8714 7
0.8715 18
0.8717 22
0.8719 15
0.8719 17
0.8721 20
0.8722 27
0.8723 26
0.873 3
0.8731 19
0.8736 1
0.8736 13
0.8736 21
0.8737 16
0.8737 29
0.8738 8
0.8739 2
0.8739 24
0.8739 28
0.8742 11
0.8742 12
0.8743 5
0.8747 14
0.8748 9
0.8749 6
0.8749 18
0.8751 15
0.8753 0
0.8754 22
0.8755 23
0.8756 27
0.8758 25
0.8759 17
0.876 7
0.8763 3
0.8763 16
0.8764 26
0.8766 20
0.8771 29
0.8772 8
0.8772 13
0.8775 12
0.8777 19
0.8779 24
0.8783 1
0.8783 15
0.8783 18
0.8787 14
0.8789 21
0.879 16
0.879 27
0.8791 6
0.8791 22
0.8793 2
0.8795 9
0.8796 0
0.8796 3
0.8798 11
0.88 17
0.8805 29
0.8806 7
0.8806 8
0.8806 26
0.8808 12
0.8808 13
0.8813 20
0.8814 15
0.8816 16
0.8816 18
0.8819 24
0.8822 19
0.8824 27
0.8826 14
0.8828 22
0.8829 1
0.8829 3
0.8832 6
0.8834 5
0.8838 25
0.8839 0
0.884 29
0.8841 8
0.8841 12
0.8841 17
0.8842 21
0.8843 9
0.8843 16
0.8844 13
0.8846 2
0.8846 15
0.8848 26
0.8849 18
0.8852 7
0.8853 11
0.8858 27
0.8859 24
0.886 20
0.8862 3
0.8865 14
0.8866 22
0.8867 19
0.8869 16
0.8873 6
0.8874 12
0.8874 29
0.8875 1
0.8875 8
0.8878 15
0.888 13
0.8881 0
0.8882 17
0.8882 18
0.8889 26
0.8889 28
0.889 9
0.8892 27
0.8894 21
0.8896 3
0.8896 16
0.8899 2
0.8899 7
0.8899 24
0.8904 22
0.8905 14
0.8907 12
0.8908 11
0.8908 29
0.8909 8
0.8909 20
0.891 15
0.8913 19
0.8915 6
0.8916 18
0.8917 13
0.8918 25
0.8921 1
0.8923 16
0.8923 17
0.8924 0
0.8924 5
0.8926 27
0.8929 3
0.8929 26
0.8937 9
0.8938 24
0.894 12
0.8941 22
0.8942 15
0.8942 23
0.8943 8
0.8943 29
0.8944 14
0.8945 7
0.8947 21
0.895 2
0.895 16
0.895 18
0.8953 13
0.8956 20
0.8957 6
0.8959 19
0.896 27
0.8962 3
0.8964 11
0.8965 17
0.8966 0
0.8968 1
0.897 26
0.8973 12
0.8973 15
0.8976 16
0.8977 8
0.8977 29
0.8978 22
0.8978 24
0.8983 14
0.8983 18
0.8984 9
0.8989 13
0.8992 7
0.8994 25
0.8994 27
0.8995 3
0.8999 6
0.9001 21
0.9003 16
0.9004 2
0.9004 15
0.9005 20
0.9006 12
0.9006 17
0.9006 19
0.9008 0
0.9011 8
0.9011 29
0.9012 26
0.9013 5
0.9015 22
0.9016 1
0.9016 18
0.9018 24
0.9019 11
0.9022 14
0.9024 13
0.9028 3
0.9028 27
0.9029 16
0.9031 9
0.9035 15
0.9037 7
0.9039 12
0.904 6
0.9045 8
0.9046 17
0.9046 29
0.9049 18
0.905 0
0.9051 20
0.9051 28
0.9053 19
0.9053 22
0.9053 26
0.9055 21
0.9056 2
0.9056 16
0.9058 24
0.9059 13
0.9061 3
0.9062 14
0.9062 27
0.9063 1
0.9066 15
0.9068 25
0.9072 12
0.9074 11
0.9078 9
0.9079 8
0.9081 6
0.9081 29
0.9082 18
0.9083 7
0.9083 16
0.9087 17
0.9091 22
0.9093 0
0.9094 3
0.9094 26
0.9095 13
0.9097 27
0.9098 15
0.9098 24
0.9099 19
0.9099 20
0.9101 14
0.9103 5
0.9105 12
0.9109 21
0.911 1
0.911 2
0.911 16
0.9113 8
0.9115 18
0.9116 29
0.9119 23
0.9122 6
0.9125 9
0.9127 3
0.9128 7
0.9128 17
0.9129 22
0.913 11
0.913 15
0.9131 13
0.9132 27
0.9136 0
0.9136 26
0.9137 16
0.9138 12
0.9138 24
0.914 14
0.9143 25
0.9145 19
0.9145 20
0.9147 8
0.9148 18
0.915 29
0.9156 1
0.916 3
0.9162 2
0.9162 15
0.9162 21
0.9164 6
0.9164 16
0.9166 22
0.9166 27
0.9168 13
0.9169 17
0.9171 12
0.9172 9
0.9175 7
0.9177 26
0.9178 0
0.9178 24
0.918 14
0.9181 8
0.9181 18
0.9184 29
0.9186 11
0.919 16
0.919 19
0.9192 5
0.9193 3
0.9193 15
0.9193 20
0.92 27
0.9203 1
0.9203 22
0.9204 12
0.9204 13
0.9205 6
0.9206 28
0.9209 17
0.9214 2
0.9214 18
0.9215 21
0.9216 8
0.9217 16
0.9217 26
0.9218 24
0.9218 29
0.9219 9
0.9219 25
0.922 14
0.9221 0
0.9221 7
0.9224 15
0.9226 3
0.9234 27
0.9235 19
0.9237 12
0.924 13
0.924 20
0.9241 22
0.9242 11
0.9244 16
0.9246 6
0.9247 18
0.925 1
0.925 8
0.925 17
0.9252 29
0.9255 15
0.9257 26
0.9258 24
0.9259 3
0.9259 14
0.9264 0
0.9266 2
0.9266 9
0.9267 21
0.9268 7
0.9269 27
0.927 12
0.927 16
0.9276 13
0.9278 22
0.9281 5
0.9281 18
0.9281 19
0.9284 8
0.9286 15
0.9286 29
0.9287 20
0.9288 6
0.9291 17
0.9291 23
0.9292 3
0.9297 1
0.9297 16
0.9297 25
0.9298 11
0.9298 24
0.9299 14
0.9299 26
0.9303 12
0.9304 27
0.9307 0
0.9312 13
0.9313 9
0.9314 7
0.9314 18
0.9315 22
0.9317 2
0.9318 15
0.9319 8
0.932 21
0.9321 29
0.9323 16
0.9325 3
0.9327 19
0.9329 6
0.9332 17
0.9333 20
0.9336 12
0.9338 14
0.9338 24
0.9339 27
0.934 26
0.9344 1
0.9347 18
0.9348 13
0.9349 0
0.935 15
0.935 16
0.9352 22
0.9354 8
0.9354 11
0.9355 28
0.9355 29
0.9358 3
0.936 9
0.9361 7
0.9369 12
0.937 6
0.9371 2
0.9371 5
0.9373 17
0.9373 27
0.9374 19
0.9374 21
0.9375 25
0.9376 16
0.9377 14
0.9378 24
0.938 18
0.938 20
0.9381 26
0.9382 15
0.9383 13
0.9388 8
0.9389 29
0.939 22
0.9391 1
0.9391 3
0.9392 0
0.9402 12
0.9403 16
0.9406 7
0.9407 9
0.9407 27
0.9409 11
0.9412 6
0.9414 15
0.9414 18
0.9415 17
0.9417 14
0.9418 24
0.9419 13
0.9421 19
0.9422 8
0.9422 26
0.9423 29
0.9424 2
0.9424 3
0.9427 20
0.9428 21
0.9428 22
0.9429 16
0.9434 0
0.9435 12
0.9438 1
0.9441 27
0.9446 15
0.9448 18
0.9451 25
0.9453 7
0.9454 6
0.9454 9
0.9456 13
0.9456 16
0.9457 8
0.9457 14
0.9457 17
0.9457 29
0.9458 3
0.9458 24
0.9461 5
0.9464 11
0.9464 26
0.9466 22
0.9466 23
0.9467 19
0.9468 12
0.9475 20
0.9476 0
0.9476 27
0.9477 2
0.9477 15
0.9481 18
0.9482 21
0.9483 16
0.9485 1
0.9491 3
0.9491 8
0.9491 29
0.9492 13
0.9495 6
0.9496 14
0.9498 7
0.9498 17
0.9498 24
0.9501 9
0.9501 12
0.9503 22
0.9505 26
0.9508 15
0.9509 16
0.951 27
0.9511 28
0.9513 19
0.9514 18
0.9518 0
0.9519 11
0.9523 20
0.9524 3
0.9525 8
0.9525 29
0.9527 25
0.9528 13
0.9531 2
0.9533 1
0.9535 12
0.9535 14
0.9535 21
0.9536 6
0.9536 16
0.9538 24
0.9539 15
0.9539 17
0.954 22
0.9544 27
0.9545 7
0.9545 26
0.9547 18
0.9548 9
0.9553 5
0.9557 3
0.9558 19
0.9559 8
0.9559 29
0.9561 0
0.9563 16
0.9564 13
0.9568 12
0.957 20
0.9571 15
0.9574 11
0.9574 14
0.9577 22
0.9578 6
0.9578 24
0.9578 27
0.958 17
0.958 18
0.9581 1
0.9583 2
0.9586 26
0.9588 21
0.9589 16
0.959 3
0.9591 7
0.9593 29
0.9594 8
0.9596 9
0.96 13
0.9601 12
0.9602 15
0.9603 19
0.9603 25
0.9604 0
0.9612 27
0.9613 14
0.9613 18
0.9615 22
0.9616 16
0.9617 20
0.9618 24
0.962 6
0.9621 17
0.9623 3
0.9627 26
0.9627 29
0.9628 8
0.9629 1
0.9629 11
0.9633 12
0.9634 15
0.9637 2
0.9637 13
0.9639 7
0.9641 21
0.9642 16
0.9643 9
0.9644 5
0.9646 18
0.9646 27
0.9647 0
0.9649 19
0.9649 23
0.9652 14
0.9653 22
0.9656 3
0.9657 24
0.9661 6
0.9661 29
0.9662 8
0.9662 17
0.9663 20
0.9665 15
0.9665 28
0.9666 12
0.9669 16
0.9669 26
0.9673 13
0.9676 1
0.9679 18
0.968 25
0.968 27
0.9685 7
0.9685 11
0.969 0
0.969 2
0.969 3
0.969 9
0.9691 22
0.9692 14
0.9694 21
0.9695 16
0.9695 29
0.9696 15
0.9696 19
0.9697 8
0.9697 24
0.9699 12
0.9702 6
0.9703 17
0.9709 13
0.9709 20
0.971 26
0.9712 18
0.9714 27
0.9722 1
0.9722 16
0.9723 3
0.9728 15
0.9728 22
0.9729 29
0.9731 8
0.9732 7
0.9732 12
0.9732 14
0.9733 0
0.9736 5
0.9737 9
0.9737 24
0.974 11
0.9743 6
0.9743 19
0.9745 2
0.9745 13
0.9745 17
0.9746 18
0.9747 27
0.9748 16
0.9748 21
0.9751 26
0.9755 20
0.9756 3
0.9757 25
0.9759 15
0.9763 29
0.9765 8
0.9765 12
0.9765 22
0.9768 1
0.9771 14
0.9775 16
0.9776 0
0.9777 7
0.9777 24
0.978 18
0.9781 13
0.9781 27
0.9784 9
0.9785 6
0.9787 17
0.9789 3
0.979 15
0.979 19
0.9793 26
0.9795 11
0.9797 29
0.9798 12
0.9799 2
0.9799 8
0.9802 16
0.9802 21
0.9803 20
0.9803 22
0.9809 14
0.9813 18
0.9815 1
0.9815 27
0.9816 28
0.9817 24
0.9818 0
0.9818 13
0.9821 15
0.9822 3
0.9824 7
0.9827 6
0.9828 5
0.9828 16
0.9828 17
0.9831 9
0.9831 12
0.9831 23
0.9831 29
0.9833 8
0.9834 25
0.9834 26
0.9836 19
0.984 22
0.9846 18
0.9848 14
0.985 27
0.9851 11
0.9851 20
0.9852 2
0.9853 15
0.9854 13
0.9855 3
0.9855 16
0.9856 21
0.9857 24
0.986 0
0.9863 1
0.9864 12
0.9865 29
0.9867 8
0.9868 6
0.9868 17
0.9869 7
0.9874 26
0.9877 22
0.9878 9
0.9879 18
0.9882 16
0.9882 19
0.9884 27
0.9885 15
0.9888 3
0.9888 14
0.989 13
0.9897 12
0.9897 24
0.9899 20
0.9899 29
0.9901 8
0.9902 0
0.9907 2
0.9907 11
0.9909 6
0.9909 16
0.9909 17
0.9909 21
0.9912 1
0.9913 18
0.9914 22
0.9914 25
0.9915 26
0.9916 7
0.9917 15
0.9918 5
0.9918 27
0.992 3
0.9925 9
0.9926 13
0.9927 14
0.9928 19
0.993 12
0.9933 29
0.9935 8
0.9935 16
0.9937 24
0.9944 0
0.9945 20
0.9946 18
0.9949 15
0.9949 17
0.9951 6
0.9952 22
0.9952 27
0.9953 3
0.9956 26
0.996 2
0.9961 1
0.9962 7
0.9962 13
0.9962 16
0.9962 21
0.9963 11
0.9963 12
0.9967 14
0.9967 29
0.9969 8
0.9972 28
0.9973 9
0.9974 19
0.9977 24
0.9979 18
0.998 15
0.9986 3
0.9986 27
0.9987 0
0.9989 16
0.9989 17
0.999 22
0.9992 6
0.9992 20
0.9992 25
0.9996 12
0.9997 26
0.9999 13
