0.2163 0
0.2163 1
0.2163 2
0.2163 3
0.2163 4
0.2163 5
0.2163 6
0.2163 7
0.2163 8
0.2163 9
0.2217 3
0.2217 9
0.2221 1
0.2221 2
0.2222 0
0.2226 7
0.2226 8
0.2231 6
0.2233 5
0.2243 4
0.2262 3
0.2262 9
0.227 1
0.227 2
0.2272 0
0.228 8
0.2281 7
0.2292 6
0.2296 5
0.2304 3
0.2304 9
0.2314 1
0.2316 2
0.2317 0
0.2323 4
0.2325 16
0.2329 8
0.2333 7
0.2344 3
0.2344 9
0.2349 6
0.2355 5
0.2356 1
0.2358 2
0.236 0
0.237 16
0.2375 8
0.2382 3
0.2382 7
0.2383 9
0.2396 1
0.2399 2
0.2401 0
0.2403 4
0.2403 6
0.2406 20
0.2411 16
0.2412 5
0.2413 27
0.2419 3
0.2419 9
0.242 8
0.2426 7
0.2433 13
0.2434 1
0.2438 2
0.244 0
0.2449 16
0.2454 3
0.2455 6
0.2455 9
0.2458 23
0.2463 8
0.2467 5
0.2468 20
0.247 7
0.2471 1
0.2476 2
0.2478 0
0.2478 27
0.2483 4
0.2485 16
0.2488 3
0.2489 9
0.2489 14
0.2489 17
0.2503 13
0.2504 8
0.2505 6
0.2508 1
0.2512 2
0.2512 7
0.2515 0
0.252 16
0.2521 3
0.2521 5
0.2521 20
0.2522 9
0.2526 23
0.2529 27
0.2544 8
0.2545 1
0.2548 2
0.2548 14
0.2551 0
0.2553 7
0.2554 3
0.2554 6
0.2554 16
0.2554 17
0.2555 9
0.2561 26
0.2563 4
0.2564 22
0.2565 13
0.257 20
0.2573 5
0.2574 27
0.2579 12
0.2581 1
0.2583 2
0.2584 8
0.2586 0
0.2586 3
0.2586 9
0.2587 16
0.2587 23
0.259 7
0.2596 14
0.2599 15
0.26 6
0.2608 17
0.2611 21
0.2614 20
0.2616 1
0.2616 27
0.2617 2
0.2617 9
0.2618 3
0.2618 29
0.2619 16
0.262 0
0.2621 13
0.2622 8
0.2623 5
0.2625 22
0.2625 26
0.2626 7
0.2629 18
0.264 14
0.2642 23
0.2643 6
0.2644 4
0.2644 12
0.2647 9
0.2649 3
0.265 1
0.265 2
0.2651 16
0.2653 0
0.2654 27
0.2655 20
0.2656 17
0.2659 8
0.266 7
0.2671 5
0.2672 13
0.2673 19
0.2674 26
0.2675 22
0.2677 9
0.268 3
0.2681 14
0.2682 16
0.2683 2
0.2683 21
0.2684 1
0.2685 0
0.2685 6
0.2687 15
0.2688 25
0.269 27
0.269 29
0.2691 18
0.2693 23
0.2694 7
0.2694 20
0.2695 8
0.2698 12
0.27 17
0.2706 9
0.2709 11
0.271 3
0.2712 16
0.2715 2
0.2716 1
0.2716 4
0.2716 5
0.2717 0
0.2718 26
0.2719 14
0.2719 22
0.2722 13
0.2724 6
0.2724 27
0.2726 7
0.273 8
0.273 20
0.2734 9
0.2739 3
0.2741 16
0.2741 23
0.2743 17
0.2743 18
0.2743 21
0.2744 12
0.2745 19
0.2746 2
0.2746 29
0.2748 1
0.2748 15
0.2749 0
0.2755 14
0.2756 27
0.2758 7
0.2759 26
0.276 5
0.276 22
0.2762 6
0.2762 9
0.2764 8
0.2765 20
0.2768 3
0.2769 13
0.277 16
0.2777 2
0.2779 1
0.278 0
0.2783 4
0.2783 17
0.2786 11
0.2787 23
0.2788 12
0.2788 27
0.2789 7
0.279 9
0.279 14
0.279 18
0.2794 29
0.2797 3
0.2797 21
0.2798 8
0.2798 16
0.2798 26
0.2799 6
0.2799 20
0.2799 22
0.2801 15
0.2802 25
0.2803 5
0.2806 19
0.2807 2
0.281 1
0.2811 0
0.2813 13
0.2817 9
0.2819 27
0.282 7
0.2821 17
0.2823 14
0.2826 3
0.2826 16
0.2828 12
0.2831 8
0.2832 20
0.2832 23
0.2834 18
0.2835 6
0.2835 26
0.2836 22
0.2837 2
0.2838 29
0.2841 1
0.2842 0
0.2844 9
0.2845 4
0.2845 5
0.2847 21
0.2849 27
0.285 7
0.285 15
0.2852 11
0.2854 3
0.2854 16
0.2856 13
0.2856 14
0.2858 17
0.2861 19
0.2864 8
0.2865 20
0.2866 2
0.2866 12
0.287 6
0.2871 9
0.2871 22
0.2871 26
0.2872 0
0.2872 1
0.2875 18
0.2876 23
0.2878 27
0.2879 7
0.2879 29
0.2881 16
0.2882 3
0.2886 5
0.2888 14
0.2894 15
0.2894 21
0.2895 2
0.2895 17
0.2895 25
0.2896 8
0.2897 20
0.2898 9
0.2898 13
0.2902 0
0.2902 1
0.2903 12
0.2905 4
0.2905 6
0.2905 26
0.2906 22
0.2907 27
0.2908 7
0.2908 16
0.291 3
0.291 11
0.2911 19
0.2915 18
0.2918 23
0.2918 29
0.2919 14
0.2924 2
0.2924 9
0.2926 5
0.2928 8
0.2928 20
0.2931 0
0.2931 17
0.2932 1
0.2935 16
0.2936 15
0.2936 27
0.2937 7
0.2938 3
0.2938 26
0.2939 12
0.2939 13
0.294 6
0.294 21
0.2941 22
0.2949 14
0.295 9
0.2953 2
0.2953 18
0.2956 29
0.2959 19
0.2959 20
0.296 0
0.296 8
0.296 23
0.2962 1
0.2962 16
0.2963 4
0.2964 11
0.2965 5
0.2965 27
0.2966 3
0.2966 7
0.2966 17
0.2971 26
0.2974 6
0.2974 12
0.2975 22
0.2976 9
0.2977 15
0.2977 25
0.2979 13
0.2979 14
0.2981 2
0.2984 21
0.2988 16
0.2989 0
0.2989 20
0.299 18
0.2992 1
0.2992 8
0.2992 29
0.2993 3
0.2993 10
0.2993 27
0.2995 7
0.3 17
0.3001 23
0.3003 9
0.3003 26
0.3004 19
0.3008 22
0.3009 12
0.3009 14
0.3014 2
0.3015 11
0.3015 15
0.3015 16
0.3016 5
0.3018 6
0.3019 13
0.3019 20
0.3021 27
0.3024 0
0.3024 3
0.3026 18
0.3027 21
0.3028 29
0.3029 1
0.3029 7
0.3031 9
0.3034 17
0.3035 8
0.3035 26
0.3039 14
0.304 22
0.3041 16
0.3043 12
0.3043 23
0.3047 2
0.3049 19
0.3049 20
0.3049 27
0.3053 15
0.3056 3
0.3057 24
0.3059 9
0.306 0
0.3061 13
0.3062 18
0.3063 7
0.3063 25
0.3064 29
0.3066 1
0.3066 11
0.3067 6
0.3067 16
0.3067 26
0.3068 17
0.3069 14
0.307 21
0.3073 22
0.3077 12
0.3077 27
0.3078 8
0.308 2
0.308 20
0.3086 23
0.3087 9
0.3088 3
0.3091 15
0.3092 10
0.3093 16
0.3094 19
0.3097 0
0.3097 7
0.3098 14
0.3099 18
0.3099 26
0.3101 17
0.3101 29
0.3102 5
0.3103 1
0.3105 13
0.3105 27
0.3106 22
0.3111 12
0.3111 20
0.3113 2
0.3113 21
0.3114 6
0.3115 9
0.3116 11
0.3119 16
0.312 3
0.3121 8
0.3127 14
0.3128 15
0.3129 23
0.3131 7
0.3131 26
0.3133 0
0.3133 27
0.3134 17
0.3135 18
0.3137 29
0.3138 19
0.3138 22
0.3139 1
0.314 24
0.3142 20
0.3143 9
0.3145 12
0.3145 16
0.3147 2
0.3149 13
0.3153 3
0.3156 14
0.3156 21
0.3161 6
0.3161 27
0.3163 26
0.3164 8
0.3165 7
0.3165 15
0.3166 11
0.3167 17
0.317 0
0.317 22
0.3171 16
0.3171 18
0.3172 9
0.3173 20
0.3173 23
0.3173 29
0.3176 1
0.3177 10
0.3178 25
0.3179 5
0.3179 12
0.3181 2
0.3182 19
0.3185 14
0.3186 3
0.3189 27
0.3194 13
0.3194 26
0.3197 16
0.3198 21
0.3199 7
0.32 17
0.3201 9
0.3201 15
0.3202 22
0.3204 20
0.3206 0
0.3206 8
0.3207 6
0.3207 18
0.3209 29
0.3212 24
0.3213 1
0.3213 12
0.3214 14
0.3215 2
0.3215 11
0.3217 27
0.3218 23
0.3219 3
0.3223 16
0.3225 26
0.3226 19
0.3229 9
0.3233 7
0.3233 17
0.3234 22
0.3235 20
0.3237 15
0.324 21
0.3241 13
0.3243 0
0.3243 14
0.3243 18
0.3245 27
0.3245 29
0.3247 12
0.3249 2
0.3249 8
0.325 1
0.325 5
0.325 16
0.3252 3
0.3253 6
0.3255 10
0.3256 26
0.3257 9
0.3263 23
0.3264 11
0.3265 17
0.3265 20
0.3266 22
0.3267 7
0.327 19
0.3272 14
0.3272 15
0.3273 27
0.3276 16
0.3278 24
0.3279 0
0.3279 18
0.328 12
0.328 29
0.3282 21
0.3283 2
0.3285 9
0.3286 3
0.3286 26
0.3287 1
0.3287 13
0.3291 8
0.3295 20
0.3297 17
0.3298 6
0.3298 22
0.3301 7
0.3301 14
0.3301 27
0.3302 16
0.3308 15
0.3308 23
0.3313 9
0.3313 11
0.3314 12
0.3314 19
0.3315 18
0.3316 0
0.3316 29
0.3317 2
0.3317 26
0.3318 5
0.3319 3
0.3319 25
0.3323 21
0.3324 1
0.3325 20
0.3328 16
0.3329 10
0.3329 17
0.3329 27
0.333 14
0.333 22
0.3334 8
0.3334 13
0.3335 7
0.3341 9
0.3341 24
0.3343 6
0.3343 15
0.3347 12
0.3347 26
0.335 18
0.3351 2
0.3351 29
0.3352 3
0.3353 0
0.3354 16
0.3354 23
0.3356 20
0.3357 27
0.3358 19
0.3359 14
0.336 1
0.3361 17
0.3362 11
0.3362 22
0.3364 21
0.3369 7
0.3369 9
0.3376 8
0.3377 15
0.3377 26
0.338 12
0.338 16
0.3382 5
0.3382 13
0.3385 2
0.3385 27
0.3386 3
0.3386 18
0.3387 20
0.3387 29
0.3388 6
0.3388 14
0.339 0
0.3393 17
0.3394 22
0.3396 1
0.3397 9
0.34 10
0.34 23
0.3401 24
0.3402 7
0.3402 19
0.3405 21
0.3406 16
0.3407 26
0.3411 11
0.3411 15
0.3413 12
0.3413 27
0.3417 14
0.3418 20
0.3419 2
0.3419 8
0.342 3
0.3421 18
0.3422 29
0.3425 9
0.3425 17
0.3426 22
0.3427 0
0.3429 13
0.3432 6
0.3432 16
0.3433 1
0.3435 7
0.3437 26
0.3441 27
0.3444 5
0.3445 23
0.3446 14
0.3446 15
0.3446 19
0.3446 21
0.3447 12
0.3449 20
0.3453 2
0.3453 3
0.3453 9
0.3456 18
0.3456 29
0.3457 17
0.3457 22
0.3458 16
0.3458 24
0.346 11
0.3461 8
0.3463 0
0.3467 25
0.3467 26
0.3468 7
0.3468 27
0.3469 1
0.3469 10
0.3475 14
0.3476 6
0.3476 13
0.348 12
0.348 15
0.348 20
0.3481 9
0.3484 16
0.3486 3
0.3487 2
0.3487 21
0.3488 17
0.3489 22
0.349 19
0.3491 18
0.3491 23
0.3491 29
0.3495 27
0.3497 26
0.35 0
0.3501 7
0.3503 8
0.3504 14
0.3505 5
0.3506 1
0.3509 9
0.3509 11
0.351 16
0.3511 20
0.3513 12
0.3513 24
0.3514 15
0.3519 17
0.352 3
0.352 6
0.3521 2
0.3521 22
0.3523 13
0.3523 27
0.3525 18
0.3525 29
0.3527 26
0.3528 21
0.3533 14
0.3534 7
0.3534 19
0.3536 0
0.3536 16
0.3537 9
0.3537 10
0.3538 23
0.3542 1
0.3542 20
0.3545 8
0.3546 12
0.3548 15
0.355 17
0.3551 27
0.3553 3
0.3553 22
0.3555 2
0.3557 26
0.3558 11
0.356 18
0.356 29
0.3562 14
0.3562 16
0.3563 6
0.3565 5
0.3565 9
0.3566 24
0.3567 7
0.3569 21
0.357 13
0.3572 0
0.3573 20
0.3578 1
0.3578 19
0.3578 27
0.3579 12
0.3581 17
0.3582 15
0.3584 22
0.3585 23
0.3586 3
0.3587 8
0.3587 26
0.3588 16
0.3589 2
0.3591 14
0.3593 9
0.3594 18
0.3594 29
0.3601 7
0.3603 20
0.3605 10
0.3606 6
0.3606 27
0.3608 0
0.3608 11
0.361 21
0.3613 12
0.3613 17
0.3613 25
0.3614 1
0.3614 16
0.3616 15
0.3616 22
0.3617 13
0.3617 26
0.362 3
0.362 14
0.362 24
0.3621 9
0.3623 2
0.3623 19
0.3624 5
0.3628 18
0.3628 29
0.3629 8
0.3632 23
0.3634 20
0.3634 27
0.3635 7
0.364 16
0.3644 0
0.3645 17
0.3646 12
0.3647 26
0.3648 22
0.3649 9
0.3649 14
0.365 1
0.365 6
0.365 15
0.3651 21
0.3654 3
0.3657 2
0.3658 11
0.3661 27
0.3662 18
0.3662 29
0.3663 13
0.3665 20
0.3666 16
0.3667 19
0.3669 7
0.3671 8
0.3671 10
0.3674 24
0.3676 17
0.3677 9
0.3677 26
0.3678 14
0.3679 12
0.3679 23
0.368 22
0.3681 0
0.3683 5
0.3683 15
0.3686 1
0.3688 3
0.3688 27
0.3691 2
0.3692 16
0.3693 6
0.3693 21
0.3696 18
0.3696 20
0.3696 29
0.3703 7
0.3705 9
0.3707 14
0.3707 17
0.3707 26
0.3708 11
0.3708 13
0.3711 19
0.3711 22
0.3712 12
0.3714 8
0.3715 27
0.3717 0
0.3717 15
0.3718 16
0.3721 3
0.3722 1
0.3725 2
0.3725 28
0.3726 23
0.3727 20
0.3727 24
0.373 18
0.373 29
0.3733 9
0.3734 21
0.3735 6
0.3736 10
0.3736 14
0.3737 7
0.3737 26
0.3738 17
0.3742 5
0.3742 22
0.3742 27
0.3744 16
0.3745 12
0.3751 15
0.3753 0
0.3754 13
0.3754 25
0.3755 3
0.3755 19
0.3757 8
0.3758 11
0.3758 20
0.3759 1
0.3759 2
0.3761 9
0.3764 18
0.3764 29
0.3765 14
0.3767 26
0.3769 17
0.377 16
0.377 27
0.3771 7
0.3772 23
0.3773 22
0.3775 21
0.3777 12
0.3778 6
0.3778 24
0.3785 15
0.3789 3
0.3789 9
0.3789 20
0.379 0
0.3793 2
0.3794 14
0.3795 1
0.3796 16
0.3797 26
0.3798 27
0.3798 29
0.3799 8
0.3799 18
0.38 17
0.38 19
0.3801 10
0.3801 13
0.3802 5
0.3804 22
0.3805 7
0.3807 11
0.3809 12
0.3816 21
0.3817 9
0.3818 15
0.3818 23
0.382 20
0.3821 6
0.3822 3
0.3822 14
0.3822 16
0.3825 27
0.3826 0
0.3827 2
0.3827 26
0.3828 24
0.3831 1
0.3831 17
0.3832 29
0.3833 18
0.3835 22
0.3839 7
0.3842 8
0.3842 12
0.3844 19
0.3845 9
0.3846 13
0.3848 16
0.385 20
0.3851 14
0.3852 15
0.3853 27
0.3855 3
0.3857 11
0.3857 21
0.3857 26
0.3861 2
0.3861 5
0.3862 17
0.3863 0
0.3863 6
0.3865 10
0.3865 23
0.3866 22
0.3866 29
0.3867 1
0.3867 18
0.3873 7
0.3873 9
0.3874 12
0.3874 16
0.3879 24
0.388 14
0.388 27
0.3881 20
0.3884 8
0.3886 15
0.3887 26
0.3888 3
0.3888 19
0.389 13
0.3892 25
0.3893 17
0.3895 2
0.3897 22
0.3898 21
0.3899 0
0.39 16
0.39 29
0.3901 9
0.3902 18
0.3903 1
0.3905 6
0.3906 11
0.3907 7
0.3907 12
0.3907 27
0.3909 14
0.3911 20
0.3911 23
0.3917 26
0.3919 5
0.392 15
0.3921 3
0.3924 17
0.3926 8
0.3926 16
0.3928 22
0.3929 2
0.3929 9
0.3929 10
0.3931 24
0.3932 19
0.3934 29
0.3935 0
0.3935 27
0.3936 13
0.3936 18
0.3938 14
0.3939 1
0.3939 21
0.394 12
0.3941 7
0.3941 20
0.3946 26
0.3948 6
0.3952 16
0.3954 3
0.3954 15
0.3955 11
0.3955 17
0.3957 9
0.3957 23
0.3959 22
0.3962 27
0.3963 2
0.3966 14
0.3968 8
0.3968 29
0.3971 18
0.3972 0
0.3972 20
0.3973 12
0.3975 1
0.3975 7
0.3976 19
0.3976 26
0.3977 5
0.3978 16
0.398 21
0.3982 13
0.3982 24
0.3985 9
0.3986 17
0.3987 3
0.3988 15
0.399 22
0.399 27
0.3991 6
0.3994 10
0.3994 14
0.3996 2
0.4002 29
0.4003 11
0.4003 20
0.4004 16
0.4004 23
0.4005 18
0.4006 12
0.4006 26
0.4008 0
0.4008 7
0.401 8
0.4011 1
0.4013 9
0.4017 17
0.4018 27
0.4019 19
0.402 3
0.402 21
0.4021 15
0.4022 14
0.4022 22
0.4027 13
0.4028 25
0.4029 2
0.403 16
0.4032 24
0.4033 6
0.4034 5
0.4034 20
0.4036 26
0.4036 29
0.4039 12
0.4039 18
0.4041 7
0.4041 9
0.4044 0
0.4046 27
0.4047 1
0.4048 17
0.405 14
0.4051 11
0.4051 23
0.4052 8
0.4053 3
0.4053 22
0.4055 15
0.4056 16
0.4059 10
0.4061 21
0.4062 2
0.4063 19
0.4065 20
0.4065 26
0.4069 9
0.407 29
0.4071 12
0.4072 13
0.4073 18
0.4074 7
0.4074 27
0.4075 6
0.4078 14
0.4079 17
0.408 0
0.4082 16
0.4082 24
0.4083 1
0.4084 22
0.4086 3
0.4088 15
0.409 5
0.4094 8
0.4094 26
0.4095 2
0.4096 20
0.4097 9
0.4098 23
0.41 11
0.4101 21
0.4102 27
0.4103 12
0.4104 29
0.4106 19
0.4107 7
0.4107 14
0.4107 18
0.4108 16
0.411 17
0.4115 22
0.4116 0
0.4118 6
0.4118 13
0.4119 1
0.412 3
0.4121 15
0.4123 26
0.4124 10
0.4125 9
0.4127 20
0.4128 2
0.4129 27
0.4133 24
0.4134 16
0.4136 8
0.4136 12
0.4136 14
0.4138 29
0.414 7
0.4141 17
0.4141 18
0.4141 21
0.4143 28
0.4144 23
0.4146 22
0.4147 5
0.4148 11
0.4149 19
0.4152 0
0.4152 26
0.4153 3
0.4153 9
0.4155 1
0.4155 15
0.4156 27
0.4158 20
0.4159 25
0.416 6
0.416 16
0.4161 2
0.4163 13
0.4165 14
0.4168 12
0.4171 29
0.4172 17
0.4173 7
0.4175 18
0.4177 22
0.4178 8
0.4181 9
0.4181 21
0.4182 26
0.4183 27
0.4184 24
0.4186 3
0.4186 16
0.4188 0
0.4188 20
0.4189 15
0.419 10
0.4191 1
0.4191 23
0.4192 19
0.4194 2
0.4194 14
0.4196 11
0.4201 12
0.4202 6
0.4202 17
0.4204 5
0.4205 29
0.4206 7
0.4208 13
0.4208 22
0.4209 9
0.4209 18
0.421 27
0.4211 26
0.4212 16
0.4219 3
0.4219 20
0.422 8
0.4222 14
0.4222 15
0.4222 21
0.4224 0
0.4226 1
0.4228 2
0.4233 12
0.4233 17
0.4234 24
0.4235 19
0.4237 9
0.4237 23
0.4238 16
0.4238 27
0.4239 7
0.4239 22
0.4239 29
0.424 26
0.4243 18
0.4244 6
0.4244 11
0.4249 20
0.425 14
0.4253 3
0.4254 13
0.4255 10
0.4255 15
0.426 0
0.4262 1
0.4262 2
0.4262 5
0.4262 8
0.4262 21
0.4264 16
0.4264 17
0.4265 9
0.4266 12
0.4266 27
0.4269 26
0.427 22
0.4273 7
0.4273 29
0.4277 18
0.4278 14
0.4278 19
0.4279 20
0.4283 23
0.4283 24
0.4286 3
0.4287 6
0.4288 15
0.4288 25
0.429 16
0.4293 9
0.4293 11
0.4294 27
0.4295 17
0.4296 0
0.4296 2
0.4298 1
0.4299 12
0.4299 13
0.4299 26
0.4301 22
0.4302 21
0.4304 8
0.4306 7
0.4306 14
0.4307 29
0.4309 20
0.4311 18
0.4316 16
0.4319 3
0.4319 10
0.432 5
0.432 19
0.4321 9
0.4322 15
0.4322 27
0.4326 17
0.4328 26
0.4329 23
0.433 2
0.433 6
0.4332 0
0.4332 12
0.4332 22
0.4333 24
0.4334 1
0.4335 14
0.434 7
0.434 20
0.434 29
0.4342 11
0.4342 16
0.4343 13
0.4343 21
0.4345 18
0.4346 8
0.4348 9
0.4349 27
0.4352 3
0.4355 15
0.4357 17
0.4357 26
0.4363 2
0.4363 19
0.4363 22
0.4364 14
0.4365 12
0.4368 0
0.4368 16
0.437 1
0.4371 20
0.4372 6
0.4373 7
0.4374 29
0.4375 23
0.4376 9
0.4376 27
0.4377 5
0.4379 18
0.4383 10
0.4383 21
0.4384 24
0.4385 3
0.4387 26
0.4388 8
0.4388 13
0.4388 15
0.4388 17
0.4391 11
0.4393 14
0.4394 16
0.4394 22
0.4396 2
0.4397 12
0.4402 20
0.4403 27
0.4404 0
0.4404 9
0.4406 1
0.4406 7
0.4406 19
0.4408 29
0.4413 18
0.4414 6
0.4416 25
0.4417 26
0.4418 3
0.4419 17
0.442 16
0.4421 15
0.4421 23
0.4422 14
0.4423 21
0.4425 22
0.4429 2
0.443 8
0.443 12
0.443 27
0.4432 9
0.4433 13
0.4433 20
0.4434 5
0.4434 24
0.4439 7
0.4439 11
0.444 0
0.4442 1
0.4442 29
0.4446 10
0.4446 16
0.4447 18
0.4447 26
0.4449 19
0.445 14
0.445 17
0.4451 3
0.4454 15
0.4456 6
0.4456 22
0.4458 27
0.446 9
0.4462 2
0.4462 12
0.4464 20
0.4464 21
0.4467 23
0.4472 7
0.4472 8
0.4472 16
0.4475 29
0.4476 0
0.4477 13
0.4477 26
0.4478 1
0.4479 14
0.4481 17
0.4481 18
0.4483 24
0.4484 3
0.4486 27
0.4487 11
0.4487 22
0.4488 9
0.4488 15
0.449 5
0.4492 19
0.4494 12
0.4495 2
0.4495 20
0.4498 6
0.4498 16
0.4505 7
0.4505 21
0.4507 14
0.4507 26
0.4508 29
0.4509 10
0.4511 0
0.4512 17
0.4513 27
0.4514 1
0.4514 8
0.4514 23
0.4515 18
0.4516 9
0.4518 3
0.4518 22
0.4521 13
0.4521 15
0.4524 16
0.4525 20
0.4526 12
0.4528 2
0.4532 24
0.4535 11
0.4535 14
0.4535 19
0.4537 26
0.4538 7
0.454 6
0.4541 27
0.4542 29
0.4543 17
0.4544 9
0.4545 21
0.4546 5
0.4546 25
0.4547 0
0.4549 18
0.4549 22
0.455 1
0.455 16
0.4552 3
0.4554 15
0.4556 8
0.4556 20
0.4557 28
0.4558 12
0.4561 2
0.4561 23
0.4564 14
0.4565 13
0.4566 26
0.4569 27
0.4571 7
0.4572 9
0.4572 10
0.4574 17
0.4576 16
0.4576 29
0.4578 19
0.458 22
0.4582 0
0.4582 6
0.4582 24
0.4583 18
0.4584 11
0.4586 1
0.4586 3
0.4586 21
0.4587 15
0.4587 20
0.4591 12
0.4592 14
0.4594 2
0.4595 26
0.4596 27
0.4598 8
0.4599 9
0.4602 5
0.4602 16
0.4604 7
0.4605 17
0.4607 23
0.4609 13
0.461 29
0.4611 22
0.4617 0
0.4617 18
0.4618 20
0.4619 3
0.462 14
0.4621 15
0.4621 19
0.4622 1
0.4623 12
0.4624 26
0.4624 27
0.4625 6
0.4627 9
0.4627 21
0.4628 2
0.4628 16
0.4632 11
0.4632 24
0.4635 10
0.4636 17
0.4637 7
0.464 8
0.4642 22
0.4643 29
0.4648 14
0.4649 20
0.4651 18
0.4651 27
0.4653 0
0.4653 3
0.4653 13
0.4653 23
0.4653 26
0.4654 15
0.4654 16
0.4655 9
0.4656 12
0.4658 1
0.4658 5
0.4662 2
0.4664 19
0.4666 17
0.4667 6
0.4668 21
0.4669 25
0.467 7
0.4673 22
0.4676 29
0.4677 14
0.4678 27
0.468 11
0.468 16
0.468 20
0.4681 24
0.4682 8
0.4683 9
0.4683 26
0.4685 18
0.4686 3
0.4687 15
0.4688 0
0.4688 12
0.4694 1
0.4696 2
0.4697 17
0.4698 10
0.4698 13
0.4699 23
0.4703 7
0.4704 22
0.4705 27
0.4706 14
0.4706 16
0.4707 19
0.4708 6
0.4709 21
0.471 29
0.4711 9
0.4711 20
0.4712 26
0.4714 5
0.4719 3
0.4719 18
0.472 12
0.472 15
0.4723 0
0.4724 8
0.4728 11
0.4728 17
0.4729 1
0.473 2
0.473 24
0.4732 16
0.4732 27
0.4735 14
0.4735 22
0.4737 7
0.4739 9
0.4741 13
0.4741 20
0.4741 26
0.4744 23
0.4744 29
0.475 19
0.475 21
0.4751 6
0.4752 3
0.4752 12
0.4753 15
0.4753 18
0.4758 16
0.4759 0
0.4759 17
0.4759 27
0.4761 10
0.4763 14
0.4764 2
0.4765 1
0.4766 8
0.4766 22
0.4767 9
0.477 26
0.4771 5
0.4771 7
0.4771 20
0.4776 11
0.4777 29
0.4779 24
0.4784 12
0.4784 13
0.4784 16
0.4785 3
0.4786 15
0.4787 18
0.4787 27
0.479 17
0.479 23
0.4791 14
0.4791 21
0.4791 25
0.4793 6
0.4793 19
0.4795 0
0.4795 9
0.4797 22
0.4798 2
0.4799 26
0.4801 1
0.4802 20
0.4804 7
0.4807 8
0.481 16
0.481 29
0.4814 27
0.4817 12
0.4818 3
0.482 14
0.482 15
0.4821 17
0.4821 18
0.4823 9
0.4825 10
0.4825 11
0.4828 5
0.4828 22
0.4828 26
0.4829 24
0.483 13
0.4831 0
0.4831 2
0.4832 20
0.4832 21
0.4835 6
0.4836 16
0.4836 19
0.4836 23
0.4837 1
0.4837 7
0.4841 27
0.4843 29
0.4848 14
0.4849 8
0.4849 12
0.485 9
0.4851 3
0.4852 17
0.4853 15
0.4855 18
0.4857 26
0.4859 22
0.4862 16
0.4862 20
0.4864 2
0.4867 0
0.4869 27
0.487 7
0.4873 1
0.4873 21
0.4874 11
0.4875 13
0.4877 6
0.4877 14
0.4877 29
0.4878 9
0.4879 19
0.4879 24
0.4882 12
0.4882 23
0.4883 17
0.4884 3
0.4885 5
0.4886 15
0.4887 26
0.4888 16
0.4889 10
0.4889 18
0.489 22
0.4891 8
0.4893 20
0.4896 27
0.4897 2
0.4903 0
0.4903 7
0.4906 9
0.4906 14
0.4909 1
0.491 29
0.4914 16
0.4914 17
0.4914 21
0.4914 25
0.4915 12
0.4916 26
0.4918 3
0.4919 13
0.4919 15
0.492 6
0.4921 22
0.4922 19
0.4923 11
0.4923 18
0.4923 27
0.4924 20
0.4928 23
0.4928 24
0.493 2
0.4933 8
0.4934 9
0.4934 14
0.4936 7
0.4939 0
0.494 16
0.4941 5
0.4943 29
0.4944 1
0.4945 17
0.4945 26
0.4947 12
0.495 27
0.4951 3
0.4952 22
0.4953 15
0.4954 10
0.4955 20
0.4955 21
0.4957 18
0.4961 9
0.4962 6
0.4963 2
0.4963 13
0.4963 14
0.4966 16
0.4966 19
0.4969 7
0.4971 11
0.4973 28
0.4975 0
0.4975 8
0.4975 23
0.4975 26
0.4976 17
0.4976 29
0.4977 24
0.4977 27
0.4979 1
0.498 12
0.4983 22
0.4984 3
0.4986 15
0.4986 20
0.4988 9
0.4991 14
0.4991 18
0.4992 16
0.4996 2
0.4996 21
0.4998 5
0.5002 7
0.5003 6
0.5004 27
0.5005 26
0.5007 17
0.5008 13
0.5009 19
0.501 0
0.501 29
0.5012 12
0.5014 22
0.5015 1
0.5016 9
0.5017 3
0.5017 8
0.5017 20
0.5018 16
0.5019 10
0.5019 11
0.5019 14
0.502 15
0.5021 23
0.5025 18
0.5027 24
0.5029 2
0.5031 27
0.5034 26
0.5035 7
0.5036 21
0.5036 25
0.5038 17
0.5044 9
0.5044 16
0.5044 29
0.5045 6
0.5045 12
0.5045 22
0.5046 0
0.5048 14
0.5048 20
0.5051 1
0.5051 3
0.5052 19
0.5053 5
0.5053 13
0.5053 15
0.5058 27
0.5059 8
0.5059 18
0.5062 2
0.5063 26
0.5067 11
0.5067 23
0.5068 7
0.5069 17
0.507 16
0.5072 9
0.5076 14
0.5076 22
0.5077 12
0.5077 21
0.5077 24
0.5078 20
0.5078 29
0.5081 0
0.5084 10
0.5085 3
0.5085 27
0.5086 15
0.5087 1
0.5088 6
0.5092 26
0.5093 18
0.5095 19
0.5096 2
0.5096 16
0.5097 13
0.51 9
0.51 17
0.5101 8
0.5102 7
0.5104 14
0.5107 22
0.5108 20
0.5109 5
0.511 12
0.5111 29
0.5112 27
0.5113 23
0.5116 0
0.5116 11
0.5117 21
0.5118 3
0.5119 15
0.5121 26
0.5122 16
0.5123 1
0.5126 24
0.5127 18
0.5128 9
0.513 2
0.513 6
0.5131 17
0.5132 14
0.5136 7
0.5138 19
0.5138 20
0.5138 22
0.5139 27
0.5141 13
0.5142 12
0.5143 8
0.5144 29
0.5147 10
0.5148 16
0.5151 0
0.5151 3
0.5151 26
0.5152 15
0.5156 9
0.5157 21
0.5158 25
0.5159 1
0.5159 23
0.516 14
0.5161 17
0.5161 18
0.5164 2
0.5164 11
0.5166 5
0.5166 27
0.5168 20
0.5169 22
0.517 7
0.5172 6
0.5174 12
0.5174 16
0.5175 24
0.5178 29
0.5181 19
0.5181 26
0.5183 9
0.5184 3
0.5185 8
0.5185 13
0.5185 15
0.5186 0
0.5188 14
0.5192 17
0.5193 27
0.5195 1
0.5195 18
0.5197 21
0.5198 2
0.5199 20
0.52 16
0.52 22
0.5204 7
0.5205 23
0.5206 12
0.521 10
0.521 26
0.5211 9
0.5212 11
0.5212 29
0.5214 6
0.5216 14
0.5217 3
0.5218 15
0.522 27
0.5222 0
0.5223 5
0.5223 17
0.5224 19
0.5224 24
0.5226 8
0.5226 16
0.5229 13
0.5229 18
0.523 20
0.5231 1
0.5231 22
0.5232 2
0.5237 21
0.5238 7
0.5238 12
0.5239 9
0.5239 26
0.5244 14
0.5245 29
0.5247 27
0.525 3
0.525 23
0.5251 15
0.5252 16
0.5254 17
0.5256 6
0.5257 0
0.526 11
0.5261 20
0.5262 22
0.5263 18
0.5266 2
0.5267 1
0.5267 9
0.5267 19
0.5268 8
0.5268 26
0.527 12
0.5271 7
0.5273 10
0.5273 14
0.5274 13
0.5274 24
0.5274 27
0.5277 21
0.5278 16
0.5278 29
0.528 5
0.5282 25
0.5283 3
0.5284 15
0.5285 17
0.5292 0
0.5292 20
0.5293 22
0.5295 9
0.5296 23
0.5297 18
0.5297 26
0.5298 6
0.53 2
0.5301 27
0.5302 14
0.5303 1
0.5303 12
0.5304 7
0.5304 16
0.5308 11
0.531 8
0.531 19
0.5311 29
0.5316 3
0.5316 17
0.5317 13
0.5317 15
0.5317 21
0.5323 9
0.5323 20
0.5324 22
0.5324 24
0.5327 26
0.5328 0
0.5328 27
0.533 14
0.533 16
0.5332 18
0.5334 2
0.5336 10
0.5336 12
0.5337 7
0.5338 5
0.5339 1
0.534 6
0.5342 23
0.5345 29
0.5347 17
0.5349 3
0.535 9
0.5351 15
0.5352 8
0.5353 19
0.5354 20
0.5355 22
0.5355 27
0.5356 16
0.5356 26
0.5357 11
0.5358 21
0.5359 14
0.536 13
0.5364 0
0.5366 18
0.5368 2
0.5368 12
0.537 7
0.5373 24
0.5375 1
0.5378 9
0.5378 17
0.5379 29
0.5382 3
0.5382 6
0.5382 16
0.5382 27
0.5384 15
0.5384 20
0.5386 22
0.5386 26
0.5387 14
0.5388 23
0.5388 28
0.5393 8
0.5395 5
0.5396 19
0.5398 21
0.5399 10
0.54 0
0.54 12
0.54 18
0.5402 2
0.5404 7
0.5405 13
0.5406 9
0.5406 11
0.5406 25
0.5408 16
0.5409 17
0.5409 27
0.5411 1
0.5412 29
0.5414 20
0.5415 3
0.5415 14
0.5415 26
0.5417 15
0.5417 22
0.5422 24
0.5424 6
0.5432 12
0.5434 9
0.5434 16
0.5434 18
0.5435 8
0.5435 23
0.5436 0
0.5436 2
0.5437 27
0.5438 7
0.5438 21
0.5439 19
0.544 17
0.5443 14
0.5444 20
0.5444 26
0.5446 1
0.5446 29
0.5448 3
0.5448 22
0.545 13
0.545 15
0.5451 5
0.5454 11
0.546 16
0.5461 10
0.5462 9
0.5464 12
0.5464 27
0.5466 6
0.5468 18
0.547 2
0.5471 14
0.5471 17
0.5471 24
0.5472 0
0.5472 7
0.5474 20
0.5474 26
0.5477 8
0.5478 21
0.5479 22
0.548 29
0.5481 1
0.5481 3
0.5482 19
0.5482 23
0.5483 15
0.5486 16
0.5489 9
0.5491 27
0.5493 13
0.5497 12
0.5499 14
0.5502 11
0.5502 17
0.5502 18
0.5504 2
0.5504 26
0.5505 20
0.5506 7
0.5507 5
0.5508 0
0.5508 6
0.551 22
0.5512 16
0.5514 3
0.5514 29
0.5516 9
0.5517 1
0.5517 15
0.5518 21
0.5518 27
0.5519 8
0.5521 24
0.5524 10
0.5524 19
0.5527 14
0.5528 23
0.5528 25
0.5529 12
0.5533 17
0.5533 26
0.5536 13
0.5536 18
0.5536 20
0.5538 2
0.5538 16
0.554 7
0.5541 22
0.5544 0
0.5544 9
0.5546 27
0.5547 3
0.5548 29
0.555 6
0.555 11
0.555 15
0.5553 1
0.5555 14
0.5558 21
0.5561 8
0.5561 12
0.5563 5
0.5563 26
0.5564 16
0.5564 17
0.5567 19
0.5567 20
0.557 18
0.557 24
0.5572 2
0.5572 9
0.5572 22
0.5573 27
0.5574 7
0.5575 23
0.558 0
0.558 3
0.5581 13
0.5581 29
0.5583 14
0.5583 15
0.5588 10
0.5589 1
0.559 16
0.5592 6
0.5592 26
0.5594 12
0.5595 17
0.5598 11
0.5598 20
0.5599 21
0.56 9
0.5601 27
0.5603 8
0.5603 22
0.5604 18
0.5605 2
0.5607 7
0.561 19
0.5611 14
0.5613 3
0.5615 29
0.5616 0
0.5616 15
0.5616 16
0.5618 5
0.5619 24
0.5621 23
0.5621 26
0.5625 1
0.5625 13
0.5626 12
0.5626 17
0.5628 9
0.5629 20
0.5629 27
0.5634 6
0.5634 22
0.5638 2
0.5638 18
0.5639 14
0.564 7
0.564 21
0.5642 16
0.5645 8
0.5646 3
0.5646 11
0.5648 29
0.565 15
0.565 26
0.5651 0
0.5652 10
0.5652 19
0.5652 25
0.5656 9
0.5656 27
0.5657 17
0.5658 12
0.566 1
0.566 20
0.5665 22
0.5667 14
0.5667 23
0.5668 16
0.5668 24
0.5669 13
0.5671 2
0.5672 18
0.5673 7
0.5674 5
0.5676 6
0.5679 3
0.5679 26
0.5681 21
0.5682 29
0.5684 9
0.5684 15
0.5684 27
0.5686 0
0.5687 8
0.5688 17
0.569 12
0.5691 20
0.5694 11
0.5694 16
0.5694 19
0.5695 1
0.5696 14
0.5696 22
0.5704 2
0.5705 18
0.5706 7
0.5708 26
0.5712 3
0.5712 9
0.5712 23
0.5712 27
0.5714 13
0.5716 29
0.5717 10
0.5717 15
0.5718 6
0.5718 24
0.5719 17
0.572 16
0.5721 20
0.5722 0
0.5722 21
0.5723 12
0.5724 14
0.5727 22
0.5728 8
0.5731 1
0.5731 5
0.5736 19
0.5737 26
0.5738 2
0.5738 18
0.5739 7
0.5739 9
0.5739 27
0.5741 11
0.5745 3
0.5746 16
0.5749 29
0.575 15
0.575 17
0.5751 20
0.5752 14
0.5755 12
0.5757 0
0.5758 13
0.5758 22
0.5758 23
0.576 6
0.5763 21
0.5766 26
0.5766 27
0.5767 1
0.5767 9
0.5768 24
0.577 8
0.5772 2
0.5772 7
0.5772 16
0.5772 18
0.5772 25
0.5778 3
0.5779 19
0.578 14
0.5781 17
0.5781 20
0.5782 10
0.5783 29
0.5784 15
0.5788 5
0.5788 11
0.5788 12
0.5789 22
0.5793 0
0.5794 27
0.5795 9
0.5795 26
0.5798 16
0.5802 6
0.5802 13
0.5803 1
0.5804 21
0.5804 23
0.5805 7
0.5806 2
0.5806 18
0.5806 28
0.5808 14
0.5811 3
0.5812 8
0.5812 17
0.5812 20
0.5817 15
0.5817 24
0.5817 29
0.5819 22
0.582 12
0.5821 19
0.5821 27
0.5823 9
0.5824 16
0.5824 26
0.5829 0
0.5836 11
0.5837 14
0.5838 7
0.5839 1
0.584 2
0.584 18
0.5843 17
0.5843 20
0.5844 6
0.5845 3
0.5845 21
0.5846 5
0.5846 10
0.5848 13
0.5848 27
0.585 15
0.585 16
0.585 22
0.585 23
0.5851 9
0.5851 29
0.5852 12
0.5853 26
0.5854 8
0.5863 19
0.5865 0
0.5865 14
0.5866 24
0.5872 7
0.5874 2
0.5874 17
0.5874 18
0.5874 20
0.5875 1
0.5876 16
0.5876 27
0.5878 3
0.5879 9
0.5881 22
0.5882 26
0.5883 15
0.5884 12
0.5885 11
0.5885 29
0.5886 6
0.5886 21
0.5893 13
0.5893 14
0.5895 8
0.5897 23
0.5898 25
0.5901 0
0.5902 16
0.5903 5
0.5903 27
0.5905 17
0.5905 20
0.5906 7
0.5906 19
0.5907 9
0.5908 2
0.5908 18
0.591 10
0.5911 1
0.5911 3
0.5911 26
0.5912 22
0.5916 12
0.5916 15
0.5916 24
0.5918 29
0.5921 14
0.5927 21
0.5928 6
0.5928 16
0.5931 27
0.5934 11
0.5935 9
0.5936 17
0.5936 20
0.5937 0
0.5937 8
0.5937 13
0.594 7
0.5941 26
0.5942 2
0.5942 18
0.5943 22
0.5944 3
0.5944 23
0.5946 1
0.5948 12
0.5949 14
0.5949 15
0.5949 19
0.5952 29
0.5954 16
0.5958 27
0.596 5
0.5963 9
0.5966 24
0.5967 17
0.5967 20
0.5968 21
0.5969 6
0.5971 26
0.5973 0
0.5974 7
0.5974 10
0.5974 22
0.5976 2
0.5976 18
0.5978 3
0.5978 14
0.598 8
0.598 12
0.598 16
0.5981 13
0.5982 1
0.5983 11
0.5983 15
0.5985 27
0.5985 29
0.599 9
0.599 23
0.5992 19
0.5997 20
0.5998 17
0.6 26
0.6005 22
0.6006 16
0.6007 14
0.6008 7
0.6009 21
0.601 0
0.601 2
0.601 18
0.6012 3
0.6012 6
0.6012 12
0.6012 27
0.6015 24
0.6016 5
0.6017 15
0.6018 1
0.6018 9
0.6019 29
0.6022 8
0.6024 25
0.6026 13
0.6027 20
0.6029 17
0.603 26
0.6032 11
0.6032 16
0.6035 14
0.6035 19
0.6036 22
0.6036 23
0.6037 10
0.6039 27
0.6042 7
0.6044 2
0.6044 12
0.6044 18
0.6045 3
0.6046 0
0.6046 9
0.6049 21
0.605 15
0.6053 29
0.6054 1
0.6054 6
0.6057 20
0.6058 16
0.6059 26
0.606 17
0.6063 8
0.6064 14
0.6064 24
0.6066 27
0.6067 22
0.607 13
0.6072 5
0.6074 9
0.6076 7
0.6076 12
0.6078 2
0.6078 3
0.6078 18
0.6078 19
0.608 11
0.6082 0
0.6083 23
0.6084 15
0.6084 16
0.6087 20
0.6087 29
0.6088 26
0.609 1
0.609 21
0.6091 17
0.6092 14
0.6093 27
0.6096 6
0.6098 22
0.61 10
0.6102 9
0.6105 8
0.6108 12
0.611 7
0.611 16
0.6111 2
0.6111 3
0.6112 18
0.6113 24
0.6114 13
0.6117 15
0.6117 20
0.6117 26
0.6118 0
0.612 14
0.6121 19
0.6121 27
0.6121 29
0.6122 17
0.6125 1
0.6128 5
0.6129 11
0.6129 22
0.6129 23
0.613 9
0.613 21
0.6136 16
0.6138 6
0.614 12
0.6144 2
0.6144 3
0.6144 7
0.6146 18
0.6147 8
0.6147 26
0.6148 14
0.6148 20
0.6148 27
0.6149 25
0.6151 15
0.6153 17
0.6154 0
0.6154 29
0.6158 9
0.6158 13
0.616 1
0.616 22
0.6162 16
0.6163 10
0.6163 24
0.6164 19
0.617 21
0.6172 12
0.6175 23
0.6176 27
0.6177 2
0.6177 3
0.6177 11
0.6177 14
0.6177 26
0.6178 7
0.6179 20
0.618 6
0.618 18
0.6184 5
0.6184 15
0.6184 17
0.6185 9
0.6188 16
0.6188 29
0.6189 8
0.619 0
0.619 22
0.6195 1
0.6201 13
0.6203 27
0.6204 12
0.6206 14
0.6207 19
0.6207 26
0.621 3
0.621 20
0.6211 2
0.6211 21
0.6212 7
0.6212 24
0.6213 9
0.6214 16
0.6214 18
0.6215 17
0.6218 15
0.6221 22
0.6221 23
0.6221 28
0.6221 29
0.6222 6
0.6225 11
0.6226 0
0.6226 10
0.623 8
0.623 27
0.6231 1
0.6235 14
0.6236 26
0.6237 12
0.624 16
0.6241 5
0.6241 9
0.6241 20
0.6243 3
0.6245 2
0.6245 13
0.6246 7
0.6246 17
0.6248 18
0.625 19
0.6251 15
0.6251 21
0.6252 22
0.6254 29
0.6257 27
0.6261 0
0.6261 24
0.6264 6
0.6264 14
0.6266 16
0.6266 26
0.6267 1
0.6267 23
0.6269 9
0.627 12
0.6272 8
0.6272 11
0.6272 20
0.6272 25
0.6276 3
0.6277 17
0.6279 2
0.628 7
0.6282 18
0.6283 22
0.6284 27
0.6285 15
0.6288 29
0.629 10
0.629 13
0.6291 21
0.6292 16
0.6293 14
0.6293 19
0.6295 26
0.6297 0
0.6297 9
0.6298 5
0.6303 1
0.6303 12
0.6303 20
0.6306 6
0.6307 17
0.6309 3
0.631 24
0.6311 27
0.6312 2
0.6314 7
0.6314 8
0.6314 22
0.6314 23
0.6316 18
0.6318 16
0.6319 11
0.6319 15
0.6321 29
0.6322 14
0.6324 9
0.6324 26
0.6331 21
0.6333 0
0.6333 20
0.6334 13
0.6335 12
0.6336 19
0.6338 1
0.6338 17
0.6338 27
0.6342 3
0.6344 16
0.6345 2
0.6345 22
0.6347 7
0.6348 6
0.635 14
0.635 18
0.6352 9
0.6353 15
0.6354 10
0.6354 26
0.6355 5
0.6355 29
0.6356 8
0.636 23
0.636 24
0.6363 20
0.6366 27
0.6367 11
0.6367 12
0.6368 0
0.6369 17
0.637 16
0.6371 21
0.6373 1
0.6375 3
0.6376 22
0.6377 13
0.6378 14
0.6379 2
0.638 7
0.638 9
0.638 19
0.6383 26
0.6384 18
0.6386 15
0.6389 29
0.639 6
0.6393 20
0.6393 27
0.6396 16
0.6396 25
0.6398 8
0.64 12
0.64 17
0.6404 0
0.6406 23
0.6407 14
0.6407 22
0.6408 3
0.6408 9
0.6409 1
0.641 24
0.6411 21
0.6412 26
0.6413 2
0.6413 5
0.6413 7
0.6415 11
0.6418 18
0.6419 10
0.642 15
0.642 27
0.6422 13
0.6422 16
0.6423 19
0.6423 20
0.6423 29
0.6431 17
0.6432 6
0.6432 12
0.6435 14
0.6436 9
0.6438 22
0.644 0
0.644 8
0.6441 3
0.6441 26
0.6445 1
0.6446 2
0.6446 7
0.6447 27
0.6448 16
0.6451 21
0.6452 18
0.6452 23
0.6453 15
0.6453 20
0.6457 29
0.6459 24
0.6462 17
0.6463 11
0.6464 9
0.6464 14
0.6465 12
0.6466 19
0.6467 13
0.6469 5
0.6469 22
0.647 26
0.6474 6
0.6474 16
0.6474 27
0.6475 3
0.6476 0
0.6479 2
0.6479 7
0.6481 1
0.6482 8
0.6484 10
0.6484 20
0.6486 15
0.6486 18
0.649 29
0.6491 9
0.6491 21
0.6493 14
0.6493 17
0.6497 12
0.6498 23
0.6499 26
0.65 16
0.65 22
0.6501 27
0.6508 3
0.6508 24
0.6509 19
0.6511 13
0.6512 0
0.6512 7
0.6512 11
0.6513 2
0.6515 20
0.6516 6
0.6518 1
0.6519 9
0.6519 15
0.652 18
0.6521 14
0.6522 25
0.6524 5
0.6524 8
0.6524 17
0.6524 29
0.6526 16
0.6528 26
0.6528 27
0.6529 12
0.6531 21
0.6531 22
0.6541 3
0.6544 23
0.6545 7
0.6546 20
0.6547 2
0.6547 9
0.6548 0
0.6549 10
0.655 14
0.6552 16
0.6553 15
0.6553 19
0.6554 1
0.6554 18
0.6555 17
0.6555 27
0.6556 13
0.6557 26
0.6558 6
0.6558 24
0.6558 29
0.656 11
0.6561 12
0.6562 22
0.6565 8
0.6571 21
0.6573 3
0.6575 9
0.6576 20
0.6578 7
0.6578 16
0.6579 14
0.658 5
0.6581 2
0.6582 27
0.6584 0
0.6586 15
0.6586 17
0.6587 26
0.6588 18
0.659 1
0.659 23
0.6591 29
0.6593 12
0.6593 22
0.6596 19
0.66 6
0.6601 13
0.6603 9
0.6604 16
0.6606 3
0.6607 8
0.6607 20
0.6608 14
0.6608 24
0.6609 11
0.6609 27
0.6611 7
0.6612 21
0.6613 10
0.6615 2
0.6617 17
0.6617 26
0.6619 15
0.662 0
0.6622 18
0.6624 22
0.6624 29
0.6625 12
0.6626 1
0.663 16
0.6631 9
0.6636 5
0.6636 14
0.6636 23
0.6636 27
0.6637 20
0.6637 28
0.6639 3
0.6639 19
0.6642 6
0.6644 7
0.6645 13
0.6646 25
0.6647 26
0.6648 17
0.6649 2
0.6649 8
0.6652 15
0.6652 21
0.6655 0
0.6655 22
0.6656 16
0.6656 18
0.6657 11
0.6657 12
0.6657 29
0.6658 24
0.6659 9
0.6662 1
0.6663 27
0.6664 14
0.6667 20
0.6672 3
0.6676 10
0.6677 7
0.6677 26
0.6679 17
0.6682 16
0.6682 19
0.6682 23
0.6683 2
0.6684 6
0.6686 15
0.6686 22
0.6687 9
0.669 12
0.669 13
0.669 27
0.6691 0
0.6691 8
0.6691 18
0.6691 29
0.6692 5
0.6692 14
0.6692 21
0.6697 20
0.6698 1
0.6704 3
0.6705 11
0.6706 26
0.6707 24
0.6708 16
0.671 7
0.671 17
0.6715 9
0.6717 2
0.6717 22
0.6717 27
0.6719 15
0.672 14
0.6722 12
0.6725 18
0.6725 19
0.6725 29
0.6726 0
0.6726 6
0.6728 20
0.6729 23
0.6732 8
0.6733 21
0.6734 1
0.6734 16
0.6735 13
0.6735 26
0.6737 3
0.6739 10
0.6741 17
0.6743 7
0.6743 9
0.6744 27
0.6748 5
0.6748 14
0.6748 22
0.675 2
0.6752 15
0.6753 11
0.6754 12
0.6756 24
0.6759 18
0.6759 20
0.6759 29
0.676 16
0.6761 0
0.6764 26
0.6768 6
0.6768 19
0.6768 25
0.677 1
0.6771 3
0.6771 9
0.6772 17
0.6772 27
0.6773 21
0.6774 8
0.6775 23
0.6776 7
0.6777 14
0.6778 13
0.6779 22
0.6783 2
0.6785 15
0.6786 12
0.6786 16
0.679 20
0.6793 18
0.6793 29
0.6794 26
0.6797 0
0.6799 9
0.68 11
0.68 27
0.6802 10
0.6803 17
0.6804 3
0.6805 5
0.6805 14
0.6806 1
0.6806 24
0.681 6
0.681 7
0.681 22
0.6811 19
0.6812 16
0.6814 21
0.6816 2
0.6816 8
0.6817 12
0.6818 15
0.6821 13
0.6821 20
0.6821 23
0.6823 26
0.6826 9
0.6826 18
0.6826 29
0.6827 27
0.6832 0
0.6833 14
0.6834 17
0.6837 3
0.6838 16
0.6841 1
0.6841 22
0.6844 7
0.6848 11
0.6849 2
0.6849 12
0.6852 6
0.6852 15
0.6852 20
0.6853 26
0.6854 9
0.6854 19
0.6854 27
0.6855 21
0.6856 24
0.6857 8
0.686 18
0.686 29
0.6861 14
0.6862 5
0.6864 16
0.6865 10
0.6865 17
0.6866 13
0.6867 23
0.6868 0
0.687 3
0.6872 22
0.6876 1
0.6878 7
0.6881 12
0.6881 27
0.6882 2
0.6882 9
0.6882 26
0.6883 20
0.6885 15
0.6889 14
0.6889 25
0.689 16
0.6894 6
0.6894 18
0.6894 29
0.6896 11
0.6896 17
0.6896 19
0.6896 21
0.6898 8
0.6903 3
0.6903 22
0.6904 0
0.6905 24
0.6908 27
0.691 9
0.6911 1
0.6911 13
0.6911 26
0.6912 7
0.6913 12
0.6913 23
0.6914 20
0.6915 2
0.6916 16
0.6917 14
0.6918 15
0.6919 5
0.6927 17
0.6927 18
0.6927 29
0.6928 10
0.6934 22
0.6936 3
0.6936 6
0.6936 27
0.6937 21
0.6938 9
0.6938 19
0.694 0
0.694 8
0.694 26
0.6942 16
0.6944 11
0.6945 20
0.6946 1
0.6946 7
0.6946 12
0.6946 14
0.6948 2
0.6951 15
0.6954 13
0.6954 24
0.6958 17
0.6959 23
0.696 18
0.696 29
0.6963 27
0.6965 22
0.6966 9
0.6968 16
0.6969 3
0.6969 26
0.6974 14
0.6976 5
0.6976 20
0.6977 0
0.6978 6
0.6978 21
0.6979 12
0.698 7
0.6981 2
0.6981 19
0.6982 1
0.6982 8
0.6985 15
0.6989 17
0.699 27
0.6991 10
0.6992 11
0.6993 18
0.6993 29
0.6994 9
0.6994 16
0.6996 22
0.6997 13
0.6998 26
0.7002 3
0.7002 14
0.7003 24
0.7004 23
0.7006 20
0.7011 12
0.7013 0
0.7014 7
0.7015 2
0.7015 25
0.7018 1
0.7018 27
0.7019 15
0.7019 21
0.702 6
0.702 16
0.702 17
0.7022 9
0.7023 19
0.7024 8
0.7027 18
0.7027 22
0.7027 29
0.7028 26
0.703 14
0.7032 5
0.7035 3
0.7036 20
0.704 11
0.7041 13
0.7043 12
0.7046 16
0.7046 27
0.7047 7
0.7049 0
0.7049 2
0.705 9
0.705 23
0.7051 17
0.7053 15
0.7053 24
0.7053 28
0.7054 1
0.7055 10
0.7058 14
0.7058 22
0.7058 26
0.706 21
0.7061 18
0.7061 29
0.7062 6
0.7065 19
0.7066 8
0.7067 20
0.7068 3
0.7072 16
0.7073 27
0.7075 12
0.7078 9
0.708 7
0.7082 17
0.7083 2
0.7085 0
0.7085 13
0.7086 14
0.7086 15
0.7087 5
0.7088 11
0.7088 26
0.7089 22
0.709 1
0.7095 18
0.7095 29
0.7096 23
0.7098 16
0.7098 20
0.71 27
0.7101 3
0.7101 21
0.7102 24
0.7104 6
0.7106 9
0.7107 12
0.7107 19
0.7108 8
0.7113 7
0.7113 17
0.7114 14
0.7116 2
0.7118 26
0.7119 10
0.7119 15
0.712 22
0.7121 0
0.7124 16
0.7125 1
0.7127 27
0.7128 20
0.7128 29
0.7129 13
0.7129 18
0.7133 9
0.7134 3
0.7137 11
0.714 12
0.714 25
0.7142 14
0.7142 21
0.7142 23
0.7144 5
0.7144 17
0.7146 6
0.7147 7
0.7147 26
0.7149 2
0.715 8
0.715 16
0.715 19
0.7151 22
0.7151 24
0.7152 15
0.7154 27
0.7156 0
0.7158 20
0.7161 1
0.7161 9
0.7161 29
0.7162 18
0.7167 3
0.7171 14
0.7172 12
0.7173 13
0.7175 17
0.7176 16
0.7176 26
0.7181 7
0.7182 2
0.7182 22
0.7182 27
0.7183 10
0.7183 21
0.7186 11
0.7186 15
0.7188 6
0.7189 9
0.7189 20
0.7189 23
0.7191 8
0.7192 0
0.7192 19
0.7195 29
0.7196 18
0.7197 1
0.7199 14
0.72 3
0.72 24
0.7201 5
0.7202 16
0.7204 12
0.7205 26
0.7206 17
0.7209 27
0.7213 22
0.7215 2
0.7215 7
0.7216 13
0.7217 9
0.722 15
0.722 20
0.7224 21
0.7227 0
0.7227 14
0.7228 16
0.7229 29
0.723 6
0.723 18
0.7233 1
0.7233 8
0.7234 3
0.7234 11
0.7234 19
0.7235 23
0.7235 26
0.7236 27
0.7237 12
0.7237 17
0.7243 22
0.7245 9
0.7248 2
0.7248 10
0.7249 7
0.725 20
0.725 24
0.7253 15
0.7254 16
0.7255 14
0.7258 5
0.7261 13
0.7262 29
0.7263 0
0.7264 18
0.7264 21
0.7264 27
0.7265 26
0.7266 25
0.7268 3
0.7268 17
0.7269 1
0.7269 12
0.7272 6
0.7273 9
0.7274 22
0.7275 8
0.7276 19
0.728 16
0.728 20
0.7281 2
0.7281 23
0.7282 7
0.7282 11
0.7283 14
0.7286 15
0.7291 27
0.7295 26
0.7295 29
0.7298 0
0.7298 18
0.7299 17
0.73 24
0.7301 9
0.7301 12
0.7302 3
0.7305 1
0.7305 21
0.7305 22
0.7306 13
0.7306 16
0.731 20
0.7311 14
0.7312 10
0.7314 2
0.7314 6
0.7315 7
0.7316 5
0.7317 8
0.7318 27
0.7319 19
0.732 15
0.7324 26
0.7327 23
0.7328 29
0.7329 9
0.733 11
0.733 17
0.7332 16
0.7332 18
0.7333 0
0.7333 12
0.7335 3
0.7336 22
0.7339 14
0.734 1
0.734 20
0.7345 21
0.7345 27
0.7347 2
0.7348 7
0.7349 24
0.735 13
0.7353 26
0.7354 15
0.7356 6
0.7357 9
0.7358 8
0.7358 16
0.7361 17
0.7361 19
0.7362 29
0.7366 12
0.7366 18
0.7367 14
0.7367 22
0.7368 3
0.7369 0
0.737 20
0.7372 27
0.7373 5
0.7373 23
0.7375 1
0.7376 10
0.7378 11
0.738 2
0.7381 7
0.7382 26
0.7384 9
0.7384 16
0.7385 21
0.7387 15
0.7389 25
0.7392 17
0.7393 13
0.7395 14
0.7396 29
0.7398 12
0.7398 22
0.7398 24
0.7399 6
0.7399 27
0.74 8
0.74 18
0.7401 20
0.7402 3
0.7403 19
0.7405 0
0.741 16
0.7411 1
0.7411 26
0.7412 9
0.7414 2
0.7414 7
0.7419 23
0.742 15
0.7423 14
0.7423 17
0.7425 21
0.7426 11
0.7427 27
0.7429 22
0.743 5
0.743 12
0.743 29
0.7432 20
0.7434 18
0.7436 3
0.7436 16
0.7439 10
0.7439 13
0.744 0
0.744 9
0.7441 6
0.7441 26
0.7442 8
0.7446 19
0.7447 1
0.7447 2
0.7447 7
0.7448 24
0.7451 14
0.7453 15
0.7454 17
0.7454 27
0.746 22
0.7462 12
0.7462 16
0.7463 20
0.7463 29
0.7464 23
0.7466 21
0.7467 9
0.7468 18
0.7469 3
0.7469 28
0.747 26
0.7475 11
0.7476 0
0.748 2
0.748 7
0.748 14
0.7481 27
0.7483 1
0.7483 6
0.7484 8
0.7485 13
0.7485 17
0.7486 5
0.7487 15
0.7488 16
0.7489 19
0.7491 22
0.7494 12
0.7494 20
0.7495 9
0.7496 29
0.7498 24
0.7499 26
0.7501 18
0.7502 3
0.7502 10
0.7506 21
0.7508 14
0.7508 27
0.751 23
0.7512 0
0.7513 2
0.7513 7
0.7513 25
0.7514 16
0.7516 17
0.7519 1
0.7521 15
0.7522 22
0.7523 9
0.7523 11
0.7525 6
0.7525 20
0.7526 8
0.7526 12
0.7528 26
0.7529 13
0.753 29
0.7532 19
0.7535 3
0.7535 18
0.7535 27
0.7536 14
0.754 16
0.7542 5
0.7546 7
0.7546 21
0.7547 2
0.7547 17
0.7547 24
0.7548 0
0.7551 9
0.7553 22
0.7555 1
0.7555 15
0.7556 20
0.7556 23
0.7557 26
0.7558 12
0.7562 27
0.7564 29
0.7565 10
0.7565 14
0.7566 16
0.7567 6
0.7568 3
0.7568 8
0.7569 18
0.7572 11
0.7573 13
0.7575 19
0.7578 17
0.7579 9
0.758 7
0.7581 2
0.7584 0
0.7584 22
0.7586 20
0.7586 21
0.7586 26
0.7588 15
0.7589 27
0.759 1
0.759 12
0.7592 16
0.7593 14
0.7596 24
0.7597 5
0.7597 29
0.7601 3
0.7602 23
0.7603 18
0.7607 9
0.7609 6
0.7609 17
0.761 8
0.7614 2
0.7614 7
0.7615 22
0.7615 26
0.7616 20
0.7616 27
0.7617 13
0.7618 16
0.7618 19
0.762 0
0.7621 11
0.7622 14
0.7622 15
0.7623 12
0.7625 1
0.7626 21
0.7628 10
0.763 29
0.7634 3
0.7634 9
0.7635 25
0.7636 18
0.764 17
0.7643 27
0.7644 16
0.7644 26
0.7645 24
0.7646 22
0.7647 2
0.7647 20
0.7648 7
0.7648 23
0.7651 6
0.7651 14
0.7652 8
0.7653 5
0.7656 0
0.7656 12
0.7656 15
0.7661 1
0.7661 9
0.7661 13
0.7661 19
0.7663 29
0.7666 21
0.7667 3
0.767 11
0.767 16
0.767 18
0.767 27
0.7671 17
0.7674 26
0.7677 20
0.7677 22
0.7679 14
0.768 2
0.7682 7
0.7688 12
0.7689 9
0.769 15
0.7691 0
0.7692 10
0.7693 6
0.7694 8
0.7695 23
0.7695 24
0.7696 16
0.7697 1
0.7697 27
0.7697 29
0.77 3
0.7701 17
0.7703 26
0.7704 18
0.7704 19
0.7705 13
0.7707 20
0.7707 21
0.7708 14
0.7708 22
0.771 5
0.7713 2
0.7715 7
0.7717 9
0.7718 11
0.772 12
0.7722 16
0.7723 15
0.7724 27
0.7726 0
0.773 29
0.7732 17
0.7733 1
0.7733 26
0.7734 3
0.7735 6
0.7736 8
0.7736 14
0.7738 18
0.7738 20
0.7739 22
0.7741 23
0.7745 9
0.7745 24
0.7746 2
0.7747 19
0.7748 7
0.7748 16
0.7748 21
0.7749 13
0.7751 27
0.7752 12
0.7756 10
0.7757 15
0.7757 25
0.7762 0
0.7763 17
0.7763 26
0.7764 14
0.7764 29
0.7766 11
0.7767 3
0.7767 5
0.7769 1
0.7769 20
0.777 22
0.7772 18
0.7773 9
0.7774 16
0.7777 6
0.7778 8
0.7778 27
0.7779 2
0.7781 7
0.7784 12
0.7787 23
0.7788 21
0.779 15
0.779 19
0.7792 13
0.7792 14
0.7793 26
0.7794 17
0.7794 24
0.7797 0
0.7797 29
0.7799 20
0.78 3
0.78 16
0.7801 9
0.7801 22
0.7805 1
0.7805 27
0.7806 18
0.7812 2
0.7813 11
0.7814 7
0.7816 12
0.7819 6
0.782 8
0.782 10
0.782 14
0.7823 26
0.7824 5
0.7824 15
0.7825 17
0.7826 16
0.7828 9
0.7829 20
0.7829 21
0.7831 29
0.7832 0
0.7832 22
0.7832 27
0.7833 3
0.7833 19
0.7833 23
0.7836 13
0.7839 18
0.784 1
0.7843 24
0.7845 2
0.7847 7
0.7848 12
0.7849 14
0.7852 16
0.7852 26
0.7856 9
0.7856 17
0.7858 15
0.7859 20
0.786 11
0.786 27
0.7861 6
0.7862 8
0.7863 22
0.7865 29
0.7866 3
0.7867 0
0.7869 21
0.7873 18
0.7875 1
0.7876 19
0.7878 14
0.7878 16
0.7879 2
0.7879 23
0.7881 5
0.7881 7
0.7881 12
0.7881 13
0.7881 25
0.7881 26
0.7884 9
0.7884 10
0.7885 28
0.7887 17
0.7887 27
0.7889 20
0.7891 15
0.7893 24
0.7894 22
0.7898 29
0.7899 3
0.7902 0
0.7903 6
0.7903 8
0.7904 16
0.7907 14
0.7907 18
0.7908 11
0.7909 21
0.791 26
0.7911 1
0.7912 9
0.7913 2
0.7914 12
0.7914 27
0.7915 7
0.7918 17
0.7919 19
0.7919 20
0.7924 15
0.7924 23
0.7925 13
0.7925 22
0.793 16
0.7931 29
0.7932 3
0.7935 14
0.7938 0
0.7938 5
0.794 9
0.794 26
0.7941 18
0.7942 27
0.7943 24
0.7945 6
0.7945 8
0.7947 1
0.7947 2
0.7947 12
0.7948 10
0.7949 7
0.7949 17
0.795 20
0.795 21
0.7956 11
0.7956 16
0.7956 22
0.7958 15
0.7962 19
0.7963 14
0.7964 29
0.7965 3
0.7967 9
0.7968 13
0.7969 23
0.7969 26
0.7969 27
0.7974 0
0.7975 18
0.7979 12
0.798 17
0.7981 2
0.7981 20
0.7982 16
0.7983 1
0.7983 7
0.7987 6
0.7987 8
0.7987 22
0.7991 14
0.7991 21
0.7992 15
0.7993 24
0.7994 9
0.7995 5
0.7996 27
0.7998 3
0.7998 26
0.7998 29
0.8004 11
0.8005 19
0.8005 25
0.8008 16
0.8009 18
0.801 0
0.8011 12
0.8011 17
0.8012 20
0.8013 10
0.8013 13
0.8015 2
0.8015 23
0.8017 7
0.8018 22
0.8019 1
0.8019 14
0.8021 9
0.8023 27
0.8025 15
0.8027 26
0.8029 6
0.8029 8
0.8031 3
0.8032 21
0.8032 29
0.8034 16
0.8042 17
0.8042 24
0.8043 18
0.8043 20
0.8044 12
0.8047 0
0.8048 14
0.8048 19
0.8049 2
0.8049 9
0.8049 22
0.805 27
0.8051 5
0.8051 7
0.8052 11
0.8054 1
0.8056 26
0.8057 13
0.8058 15
0.806 16
0.8061 23
0.8064 3
0.8065 29
0.8071 6
0.8071 8
0.8073 17
0.8073 21
0.8074 20
0.8076 12
0.8077 9
0.8077 10
0.8077 14
0.8077 18
0.8078 27
0.808 22
0.8082 2
0.8083 0
0.8084 7
0.8085 26
0.8086 16
0.8089 1
0.8091 15
0.8091 19
0.8092 24
0.8097 3
0.8099 29
0.81 11
0.8101 13
0.8104 17
0.8105 9
0.8105 20
0.8106 14
0.8106 27
0.8107 5
0.8107 23
0.8109 12
0.8111 18
0.8111 22
0.8112 16
0.8113 6
0.8113 8
0.8114 21
0.8114 26
0.8115 2
0.8117 7
0.8119 0
0.8124 1
0.8124 15
0.8129 25
0.813 3
0.8132 29
0.8133 9
0.8133 27
0.8134 19
0.8135 14
0.8135 17
0.8136 20
0.8138 16
0.8141 10
0.8141 12
0.8142 22
0.8143 24
0.8144 26
0.8145 13
0.8145 18
0.8148 2
0.8148 11
0.815 7
0.8154 23
0.8155 0
0.8155 6
0.8155 8
0.8155 21
0.8157 15
0.816 1
0.816 27
0.8161 9
0.8163 3
0.8163 5
0.8163 14
0.8164 16
0.8166 17
0.8166 20
0.8166 29
0.8173 12
0.8173 22
0.8173 26
0.8177 19
0.8178 18
0.8181 2
0.8183 7
0.8188 27
0.8189 9
0.8189 13
0.819 16
0.8191 0
0.8191 15
0.8192 14
0.8193 24
0.8196 1
0.8196 20
0.8196 21
0.8197 3
0.8197 6
0.8197 8
0.8197 11
0.8197 17
0.82 23
0.82 29
0.8202 26
0.8204 10
0.8204 22
0.8205 12
0.8212 18
0.8214 2
0.8215 27
0.8216 7
0.8216 9
0.8216 16
0.8219 5
0.822 14
0.822 19
0.8224 15
0.8226 20
0.8227 0
0.8228 17
0.8231 3
0.8231 26
0.8232 1
0.8233 13
0.8233 29
0.8235 22
0.8237 12
0.8237 21
0.8239 6
0.8239 8
0.8242 16
0.8242 24
0.8242 27
0.8243 9
0.8245 11
0.8246 18
0.8246 23
0.8247 2
0.8248 14
0.8249 7
0.8252 25
0.8256 20
0.8257 15
0.8259 17
0.8261 26
0.8262 0
0.8262 19
0.8264 3
0.8266 10
0.8266 22
0.8266 29
0.8268 1
0.8268 16
0.8269 12
0.8269 27
0.8271 9
0.8276 5
0.8276 14
0.8277 21
0.8278 13
0.828 2
0.828 18
0.8281 6
0.8281 8
0.8282 7
0.8286 20
0.829 15
0.829 17
0.829 26
0.8291 24
0.8292 23
0.8293 11
0.8294 16
0.8296 27
0.8297 0
0.8297 3
0.8297 22
0.8299 9
0.8299 29
0.8301 12
0.8303 1
0.8303 28
0.8304 14
0.8304 19
0.8313 2
0.8314 18
0.8315 7
0.8317 20
0.8318 21
0.832 16
0.832 26
0.8321 17
0.8323 6
0.8323 8
0.8323 13
0.8323 15
0.8324 27
0.8327 9
0.8328 22
0.8329 10
0.833 3
0.8332 14
0.8332 29
0.8333 0
0.8333 5
0.8334 12
0.8338 1
0.8338 23
0.834 24
0.8341 11
0.8346 16
0.8346 19
0.8347 2
0.8347 18
0.8348 7
0.8348 20
0.8349 26
0.8351 27
0.8352 17
0.8355 9
0.8356 15
0.8359 21
0.8359 22
0.836 14
0.8364 3
0.8365 8
0.8365 29
0.8366 6
0.8366 12
0.8368 0
0.8368 13
0.8372 16
0.8374 1
0.8375 25
0.8378 26
0.8378 27
0.8379 20
0.8381 2
0.8381 18
0.8382 7
0.8383 9
0.8383 17
0.8384 23
0.8388 14
0.8389 11
0.8389 19
0.839 5
0.839 15
0.839 22
0.839 24
0.8392 10
0.8397 3
0.8398 12
0.8398 16
0.8398 29
0.84 21
0.8403 0
0.8405 27
0.8407 8
0.8407 26
0.8408 6
0.841 1
0.841 20
0.8411 9
0.8412 13
0.8414 17
0.8415 2
0.8415 18
0.8416 7
0.8417 14
0.8421 22
0.8423 15
0.8424 16
0.8429 23
0.843 3
0.843 12
0.8431 19
0.8432 27
0.8432 29
0.8437 11
0.8437 26
0.8439 0
0.8439 9
0.8439 24
0.8441 20
0.8441 21
0.8445 14
0.8445 17
0.8446 1
0.8448 5
0.8449 2
0.8449 6
0.8449 8
0.8449 18
0.845 7
0.845 16
0.8452 22
0.8456 10
0.8456 15
0.8457 13
0.8459 27
0.8462 12
0.8463 3
0.8465 29
0.8466 9
0.8466 26
0.8471 20
0.8473 14
0.8474 19
0.8475 0
0.8475 23
0.8476 16
0.8476 17
0.8482 1
0.8482 21
0.8483 2
0.8483 18
0.8483 22
0.8484 7
0.8485 11
0.8486 27
0.8487 24
0.8489 15
0.8491 6
0.8491 8
0.8494 9
0.8494 12
0.8495 26
0.8496 3
0.8499 25
0.8499 29
0.8501 14
0.8501 20
0.8502 13
0.8502 16
0.8505 5
0.8507 17
0.8511 0
0.8513 27
0.8514 22
0.8516 18
0.8517 2
0.8517 19
0.8518 1
0.8518 7
0.8519 10
0.8521 23
0.8522 9
0.8522 21
0.8523 15
0.8524 26
0.8526 12
0.8528 16
0.8529 3
0.853 14
0.8531 20
0.8532 29
0.8533 6
0.8533 8
0.8533 11
0.8536 24
0.8537 17
0.854 27
0.8544 22
0.8546 13
0.8547 0
0.855 9
0.855 18
0.8551 2
0.8552 7
0.8553 26
0.8554 1
0.8554 16
0.8557 15
0.8558 14
0.8559 12
0.856 19
0.8561 5
0.8561 20
0.8562 3
0.8563 21
0.8566 29
0.8567 23
0.8568 17
0.8568 27
0.8574 8
0.8575 6
0.8575 22
0.8578 9
0.858 16
0.8581 11
0.8582 10
0.8583 0
0.8583 26
0.8584 18
0.8585 2
0.8586 7
0.8586 24
0.8587 14
0.8589 1
0.859 13
0.859 15
0.8591 12
0.8591 20
0.8595 3
0.8595 27
0.8598 17
0.8599 29
0.8603 19
0.8603 21
0.8606 9
0.8606 16
0.8606 22
0.8613 23
0.8613 26
0.8615 8
0.8615 14
0.8617 5
0.8617 6
0.8618 18
0.8619 2
0.862 0
0.862 7
0.8622 20
0.8622 27
0.8624 12
0.8624 15
0.8625 1
0.8625 25
0.8628 3
0.8629 11
0.8629 17
0.8632 16
0.8632 29
0.8633 9
0.8634 13
0.8636 24
0.8637 22
0.8643 14
0.8643 21
0.8643 26
0.8646 10
0.8646 19
0.8649 27
0.8652 18
0.8653 2
0.8653 20
0.8654 7
0.8656 0
0.8656 12
0.8657 8
0.8657 15
0.8658 16
0.866 6
0.866 17
0.866 23
0.8661 1
0.8661 9
0.8662 3
0.8665 29
0.8668 22
0.8671 14
0.8672 26
0.8673 5
0.8676 27
0.8678 11
0.8678 13
0.8684 16
0.8684 20
0.8684 21
0.8685 24
0.8686 18
0.8687 2
0.8688 7
0.8688 12
0.8689 9
0.8689 19
0.8691 15
0.8691 17
0.8692 0
0.8695 3
0.8697 1
0.8698 29
0.8699 8
0.8699 14
0.8699 22
0.8701 26
0.8702 6
0.8703 27
0.8706 23
0.871 10
0.871 16
0.8715 20
0.8717 9
0.8719 28
0.872 18
0.8721 2
0.8721 12
0.8722 7
0.8722 13
0.8722 17
0.8724 21
0.8725 15
0.8727 11
0.8727 14
0.8728 0
0.8728 3
0.873 5
0.873 22
0.873 26
0.873 27
0.8732 19
0.8732 29
0.8733 1
0.8734 24
0.8736 16
0.8741 8
0.8744 6
0.8745 9
0.8746 20
0.8749 25
0.8752 23
0.8753 12
0.8753 17
0.8754 18
0.8755 2
0.8756 7
0.8756 14
0.8757 27
0.8759 15
0.8759 26
0.8761 3
0.8761 22
0.8762 16
0.8764 0
0.8764 21
0.8766 29
0.8767 13
0.8769 1
0.8773 9
0.8774 10
0.8775 11
0.8775 19
0.8777 20
0.8783 8
0.8784 14
0.8784 17
0.8784 24
0.8784 27
0.8786 6
0.8786 12
0.8787 5
0.8788 2
0.8788 16
0.8788 26
0.8789 18
0.879 7
0.8792 15
0.8792 22
0.8794 3
0.8799 0
0.8799 23
0.8799 29
0.88 9
0.8804 1
0.8804 21
0.8807 20
0.881 13
0.8811 27
0.8813 14
0.8814 16
0.8815 17
0.8818 12
0.8818 19
0.8818 26
0.8821 2
0.8823 11
0.8823 18
0.8823 22
0.8824 7
0.8826 8
0.8826 15
0.8827 3
0.8828 9
0.8829 6
0.8833 29
0.8834 24
0.8835 0
0.8837 20
0.8838 10
0.8838 27
0.8839 1
0.884 16
0.8841 14
0.8844 21
0.8845 5
0.8845 23
0.8846 17
0.8847 26
0.885 12
0.8854 2
0.8854 13
0.8854 22
0.8856 9
0.8856 18
0.8858 7
0.886 3
0.886 15
0.8861 19
0.8865 27
0.8866 16
0.8867 20
0.8867 29
0.8868 8
0.8869 14
0.887 0
0.8871 6
0.8871 11
0.8874 25
0.8875 1
0.8876 26
0.8877 17
0.8882 12
0.8884 9
0.8884 21
0.8884 24
0.8885 22
0.8887 2
0.889 18
0.8891 7
0.8891 23
0.8892 16
0.8892 27
0.8893 3
0.8894 15
0.8897 14
0.8897 20
0.8899 13
0.8901 29
0.8902 10
0.8903 5
0.8904 19
0.8906 0
0.8906 26
0.8908 17
0.8909 8
0.8911 1
0.8912 9
0.8913 6
0.8914 12
0.8916 22
0.8918 16
0.8919 11
0.8919 27
0.892 2
0.8924 7
0.8924 18
0.8925 3
0.8925 14
0.8925 21
0.8927 15
0.8927 20
0.8933 24
0.8934 29
0.8935 26
0.8937 23
0.8939 17
0.894 9
0.8941 0
0.8943 13
0.8944 16
0.8946 27
0.8947 1
0.8947 12
0.8947 19
0.8947 22
0.8951 8
0.8953 2
0.8953 14
0.8955 6
0.8957 7
0.8958 3
0.8958 18
0.8958 20
0.896 5
0.8961 15
0.8964 26
0.8965 21
0.8966 10
0.8967 9
0.8967 11
0.8967 29
0.897 16
0.897 17
0.8973 27
0.8976 0
0.8978 22
0.8979 12
0.8981 14
0.8982 24
0.8983 1
0.8983 23
0.8986 2
0.8986 13
0.8989 20
0.899 7
0.899 19
0.8991 3
0.8992 18
0.8993 8
0.8993 26
0.8995 9
0.8995 15
0.8996 16
0.8997 6
0.8997 25
0.9001 17
0.9001 27
0.9001 29
0.9005 21
0.9009 14
0.9009 22
0.9012 0
0.9012 12
0.9014 11
0.9017 5
0.9019 1
0.902 2
0.902 20
0.9022 16
0.9022 26
0.9023 7
0.9023 9
0.9024 3
0.9026 18
0.9028 27
0.9029 15
0.9029 23
0.903 10
0.9031 13
0.9032 17
0.9033 19
0.9033 24
0.9034 8
0.9035 29
0.9037 14
0.9039 6
0.904 22
0.9044 12
0.9046 21
0.9048 0
0.9048 16
0.9051 9
0.9051 20
0.9051 26
0.9054 1
0.9054 2
0.9055 27
0.9056 7
0.9057 3
0.906 18
0.9062 11
0.9063 15
0.9063 17
0.9065 14
0.9069 29
0.9071 22
0.9073 5
0.9074 16
0.9075 23
0.9076 8
0.9076 12
0.9076 13
0.9076 19
0.9079 9
0.908 26
0.9081 6
0.9082 20
0.9083 24
0.9083 27
0.9084 0
0.9087 21
0.9088 2
0.9089 7
0.909 1
0.909 3
0.9093 14
0.9094 10
0.9094 17
0.9094 18
0.9096 15
0.91 16
0.9101 22
0.9102 29
0.9107 9
0.9108 12
0.9109 26
0.911 11
0.911 27
0.9113 20
0.9118 8
0.9119 19
0.912 0
0.9121 13
0.9121 14
0.9122 2
0.9122 7
0.9122 23
0.9123 6
0.9123 25
0.9124 3
0.9125 17
0.9126 1
0.9126 16
0.9128 18
0.9128 21
0.9129 5
0.9129 15
0.9132 22
0.9132 24
0.9135 9
0.9135 28
0.9135 29
0.9137 27
0.9138 26
0.914 12
0.9143 20
0.915 14
0.9152 16
0.9155 7
0.9156 0
0.9156 2
0.9156 17
0.9158 3
0.9158 10
0.9158 11
0.916 8
0.9162 18
0.9162 19
0.9163 1
0.9163 9
0.9163 15
0.9163 22
0.9164 27
0.9165 6
0.9166 13
0.9167 26
0.9168 23
0.9169 21
0.9169 29
0.9172 12
0.9173 20
0.9178 14
0.9178 16
0.9181 24
0.9185 5
0.9187 17
0.9188 7
0.919 2
0.9191 3
0.9191 9
0.9192 0
0.9192 27
0.9194 22
0.9195 18
0.9197 15
0.9197 26
0.9199 1
0.9202 8
0.9203 20
0.9203 29
0.9204 12
0.9204 16
0.9205 19
0.9207 6
0.9207 11
0.9207 14
0.921 13
0.921 21
0.9214 23
0.9218 17
0.9219 9
0.9219 27
0.9221 7
0.9222 10
0.9224 2
0.9224 3
0.9225 22
0.9227 26
0.9228 0
0.9229 18
0.923 15
0.923 16
0.9231 24
0.9234 20
0.9235 1
0.9235 14
0.9237 12
0.9237 29
0.9241 5
0.9243 8
0.9246 9
0.9247 27
0.9248 19
0.9248 25
0.9249 6
0.9249 17
0.9251 21
0.9254 7
0.9254 13
0.9256 11
0.9256 16
0.9256 22
0.9256 26
0.9257 2
0.9257 3
0.926 23
0.9263 14
0.9263 15
0.9263 18
0.9264 0
0.9265 20
0.9269 12
0.927 29
0.9271 1
0.9274 9
0.9274 27
0.928 17
0.9281 24
0.9282 16
0.9285 8
0.9286 10
0.9286 26
0.9287 22
0.9288 7
0.929 2
0.929 3
0.9291 6
0.9291 14
0.9291 19
0.9292 21
0.9296 20
0.9297 15
0.9297 18
0.9298 5
0.9299 13
0.93 0
0.9301 9
0.9301 27
0.9302 12
0.9303 29
0.9305 11
0.9306 1
0.9306 23
0.9308 16
0.931 17
0.9315 26
0.9318 22
0.9319 14
0.9322 7
0.9323 2
0.9323 3
0.9327 8
0.9327 20
0.9329 9
0.9329 27
0.9331 15
0.9331 18
0.9331 24
0.9333 21
0.9334 6
0.9334 12
0.9334 16
0.9334 19
0.9335 0
0.9337 29
0.9341 1
0.9341 17
0.9344 13
0.9344 26
0.9347 14
0.9349 22
0.935 10
0.9351 23
0.9353 11
0.9356 2
0.9356 3
0.9356 5
0.9356 7
0.9356 27
0.9357 9
0.9358 20
0.936 16
0.9364 15
0.9365 18
0.9366 12
0.9369 8
0.937 0
0.937 29
0.9372 17
0.9373 25
0.9373 26
0.9374 21
0.9375 14
0.9376 6
0.9377 1
0.9377 19
0.938 22
0.938 24
0.9383 27
0.9385 9
0.9386 16
0.9388 13
0.9389 2
0.9389 3
0.9389 20
0.939 7
0.9396 23
0.9398 15
0.9399 12
0.9399 18
0.9401 11
0.9403 14
0.9403 17
0.9403 26
0.9404 29
0.9406 0
0.941 8
0.941 27
0.9411 22
0.9412 16
0.9413 1
0.9413 9
0.9414 5
0.9414 10
0.9415 21
0.9418 6
0.9419 20
0.942 19
0.9422 2
0.9422 3
0.9423 7
0.943 24
0.9431 12
0.9431 13
0.9431 15
0.9432 14
0.9433 18
0.9433 26
0.9434 17
0.9437 29
0.9438 16
0.9438 27
0.9441 0
0.9441 9
0.9442 22
0.9442 23
0.9449 1
0.9449 11
0.945 20
0.9452 8
0.9455 2
0.9455 3
0.9456 7
0.9456 21
0.946 6
0.9461 14
0.9463 12
0.9463 19
0.9463 26
0.9464 16
0.9465 15
0.9465 17
0.9465 27
0.9467 18
0.9469 9
0.9471 5
0.9471 29
0.9472 22
0.9476 0
0.9476 13
0.9478 10
0.948 20
0.948 24
0.9484 1
0.9488 2
0.9488 3
0.9488 23
0.9489 7
0.949 14
0.949 16
0.9492 26
0.9493 27
0.9494 8
0.9495 12
0.9495 25
0.9496 17
0.9497 9
0.9497 21
0.9498 11
0.9499 15
0.9501 18
0.9502 6
0.9503 22
0.9505 19
0.9505 29
0.951 20
0.9512 0
0.9516 16
0.9519 1
0.9519 14
0.952 13
0.952 27
0.9521 3
0.9521 26
0.9522 2
0.9522 7
0.9525 9
0.9527 5
0.9527 17
0.9528 12
0.953 24
0.9533 15
0.9534 22
0.9534 23
0.9535 18
0.9536 8
0.9538 21
0.9539 29
0.954 20
0.9542 10
0.9542 16
0.9544 6
0.9546 11
0.9547 27
0.9548 0
0.9548 14
0.9548 19
0.955 26
0.955 28
0.9553 9
0.9554 1
0.9554 3
0.9555 7
0.9556 2
0.9558 17
0.956 12
0.9563 13
0.9565 22
0.9566 15
0.9568 16
0.9569 18
0.957 20
0.9573 29
0.9574 27
0.9576 14
0.9577 8
0.9579 21
0.9579 24
0.958 23
0.958 26
0.9581 9
0.9583 5
0.9584 0
0.9586 6
0.9587 3
0.9589 7
0.9589 17
0.959 1
0.959 2
0.9591 19
0.9593 12
0.9594 11
0.9594 16
0.9596 22
0.96 15
0.96 20
0.9601 27
0.9603 18
0.9604 14
0.9606 10
0.9606 29
0.9607 13
0.9608 9
0.961 26
0.9619 8
0.9619 21
0.9619 25
0.962 0
0.962 3
0.962 16
0.962 17
0.9623 2
0.9623 7
0.9626 1
0.9626 12
0.9627 22
0.9627 23
0.9628 6
0.9628 24
0.9628 27
0.963 20
0.9632 14
0.9634 15
0.9634 19
0.9635 9
0.9637 18
0.9639 5
0.9639 26
0.964 29
0.9642 11
0.9646 16
0.9651 13
0.9651 17
0.9654 3
0.9656 0
0.9656 2
0.9656 27
0.9657 7
0.9658 12
0.9658 22
0.966 14
0.966 21
0.9661 8
0.9661 20
0.9662 1
0.9663 9
0.9668 15
0.9668 26
0.967 6
0.967 10
0.9671 18
0.9672 16
0.9673 23
0.9674 29
0.9676 19
0.9678 24
0.9681 17
0.9684 27
0.9687 3
0.9689 2
0.9689 14
0.9689 22
0.969 11
0.9691 7
0.9691 9
0.9691 12
0.9692 20
0.9693 0
0.9695 5
0.9695 13
0.9697 26
0.9698 1
0.9698 16
0.9701 15
0.9701 21
0.9703 8
0.9704 18
0.9707 29
0.9711 27
0.9712 6
0.9712 17
0.9718 14
0.9719 9
0.9719 19
0.9719 23
0.972 3
0.972 22
0.9722 2
0.9723 12
0.9723 20
0.9724 16
0.9725 7
0.9726 26
0.9728 24
0.9729 0
0.9734 1
0.9734 10
0.9735 15
0.9738 18
0.9739 11
0.9739 27
0.974 13
0.974 29
0.9741 21
0.9743 17
0.9743 25
0.9744 8
0.9747 9
0.9747 14
0.975 16
0.9751 22
0.9752 5
0.9753 3
0.9754 6
0.9754 20
0.9755 2
0.9755 12
0.9755 26
0.9759 7
0.9761 19
0.9764 0
0.9765 23
0.9766 27
0.9768 15
0.977 1
0.9772 18
0.9773 29
0.9774 17
0.9775 9
0.9776 14
0.9776 16
0.9778 24
0.9782 21
0.9782 22
0.9784 13
0.9784 26
0.9785 20
0.9786 8
0.9787 3
0.9787 12
0.9788 2
0.9788 11
0.9792 7
0.9793 27
0.9796 6
0.9798 10
0.98 0
0.9802 15
0.9802 16
0.9803 9
0.9803 19
0.9804 14
0.9805 17
0.9806 1
0.9806 18
0.9807 29
0.9809 5
0.981 23
0.9813 22
0.9813 26
0.9815 20
0.9819 12
0.982 3
0.982 27
0.9821 2
0.9822 21
0.9825 7
0.9827 13
0.9827 24
0.9828 8
0.9828 16
0.9831 9
0.9832 14
0.9835 0
0.9836 11
0.9836 15
0.9836 17
0.9838 6
0.984 18
0.9841 29
0.9842 1
0.9842 26
0.9844 22
0.9845 19
0.9845 20
0.9847 27
0.9851 12
0.9853 3
0.9854 2
0.9854 16
0.9856 23
0.9858 7
0.9859 9
0.986 14
0.9862 10
0.9862 21
0.9866 5
0.9867 17
0.9869 8
0.9869 15
0.987 0
0.987 25
0.9871 26
0.9872 13
0.9874 18
0.9874 27
0.9875 22
0.9875 29
0.9876 20
0.9877 24
0.9878 1
0.988 6
0.988 16
0.9883 12
0.9884 11
0.9886 3
0.9886 9
0.9887 2
0.9888 14
0.9888 19
0.9891 7
0.9898 17
0.9901 26
0.9901 27
0.9902 15
0.9902 21
0.9902 23
0.9905 0
0.9906 16
0.9906 22
0.9907 20
0.9908 18
0.9909 29
0.991 8
0.9914 1
0.9914 9
0.9916 12
0.9917 13
0.9917 14
0.992 2
0.992 3
0.9922 6
0.9924 5
0.9924 7
0.9926 10
0.9927 24
0.9928 27
0.9929 17
0.993 26
0.9931 19
0.9932 11
0.9932 16
0.9935 15
0.9937 22
0.9938 20
0.994 0
0.9942 9
0.9942 18
0.9942 21
0.9942 29
0.9945 14
0.9948 12
0.9948 23
0.995 1
0.9952 8
0.9953 2
0.9954 3
0.9955 27
0.9957 7
0.9958 16
0.9959 26
0.996 17
0.9961 13
0.9964 6
0.9968 20
0.9968 22
0.9968 28
0.9969 15
0.997 9
0.9973 14
0.9974 19
0.9976 0
0.9976 18
0.9976 29
0.9977 24
0.998 11
0.9981 5
0.9981 12
0.9982 21
0.9982 27
0.9984 16
0.9985 1
0.9987 2
0.9987 3
0.9988 26
0.999 7
0.999 10
0.9991 17
0.9993 25
0.9994 8
0.9994 23
0.9998 9
0.9998 20
0.9999 22
